k_i = 1 ,k_m = 1.5 ,k_n = 1 ,k_f= 0.1 ,p_s =  0.01 ,t = 3000
1
2.5
4
5.5
7
8.5
10
11.5
13
14.5
16
17.5
19
20.5
22
23.5
25
26.5
28
29.5
31
32.5
34
35.5
37
38.5
40
41.5
43
44.5
46
47.5
49
50.5
52
53.5
55
56.5
58
59.5
61
62.5
64
65.5
67
68.5
70
71.5
73
74.5
76
77.5
79
80.5
82
83.5
85
86.5
88
89.5
91
92.5
94
95.5
97
98.5
100
101.5
103
104.5
106
107.5
109
110.5
112
113.5
115
116.5
118
119.5
121
122.5
124
125.5
127
128.5
130
131.5
133
134.5
136
137.5
139
140.5
142
143.5
145
146.5
148
149.5
151
152.5
154
155.5
157
158.5
160
161.5
163
164.5
166
167.5
169
170.5
172
173.5
175
176.5
178
179.5
181
182.5
184
185.5
187
188.5
190
191.5
193
194.5
196
197.5
199
200.5
202
203.5
205
206.5
208
209.5
211
212.5
214
215.5
217
218.5
220
221.5
223
224.5
226
227.5
229
230.5
232
233.5
235
236.5
238
239.5
241
242.5
244
245.5
247
248.5
250
251.5
253
254.5
256
257.5
259
260.5
262
263.5
265
266.5
268
269.5
271
272.5
274
275.5
277
278.5
280
281.5
283
284.5
286
287.5
289
290.5
292
293.5
295
296.5
298
299.5
301
302.5
304
305.5
307
308.5
310
311.5
313
314.5
316
317.5
319
320.5
322
323.5
325
326.5
328
329.5
331
332.5
334
335.5
337
338.5
340
341.5
343
344.5
346
347.5
349
350.5
352
353.5
355
356.5
358
359.5
361
362.5
364
365.5
367
368.5
370
371.5
373
374.5
376
377.5
379
380.5
382
383.5
385
386.5
388
389.5
391
392.5
394
395.5
397
398.5
400
401.5
403
404.5
406
407.5
409
410.5
412
413.5
415
416.5
418
419.5
421
422.5
424
425.5
427
428.5
430
431.5
433
434.5
436
437.5
439
440.5
442
443.5
445
446.5
448
449.5
44.95
46.45
47.95
49.45
50.95
52.45
53.95
55.45
56.95
58.45
59.95
61.45
62.95
64.45
65.95
67.45
68.95
70.45
71.95
73.45
74.95
76.45
77.95
79.45
80.95
82.45
83.95
85.45
86.95
88.45
89.95
91.45
92.95
94.45
95.95
97.45
98.95
100.45
101.95
103.45
104.95
106.45
107.95
109.45
110.95
112.45
113.95
115.45
116.95
118.45
119.95
121.45
122.95
124.45
125.95
127.45
128.95
130.45
131.95
133.45
134.95
136.45
137.95
139.45
140.95
142.45
143.95
145.45
146.95
148.45
149.95
151.45
152.95
154.45
155.95
157.45
158.95
160.45
161.95
163.45
164.95
166.45
167.95
169.45
170.95
172.45
173.95
175.45
176.95
178.45
179.95
181.45
182.95
184.45
185.95
187.45
188.95
190.45
191.95
193.45
194.95
196.45
197.95
199.45
200.95
202.45
203.95
205.45
206.95
208.45
209.95
211.45
212.95
21.295
22.795
24.295
25.795
27.295
28.795
30.295
31.795
33.295
34.795
36.295
37.795
39.295
40.795
42.295
43.795
45.295
46.795
48.295
49.795
51.295
52.795
54.295
55.795
57.295
58.795
60.295
61.795
63.295
64.795
66.295
67.795
69.295
70.795
72.295
73.795
75.295
76.795
78.295
79.795
81.295
82.795
84.295
85.795
87.295
88.795
90.295
91.795
93.295
94.795
96.295
97.795
99.295
100.795
102.295
103.795
105.295
106.795
106.804
106.814
106.823
106.832
106.842
106.851
106.861
106.87
106.879
106.889
106.898
106.907
106.917
106.926
106.935
106.945
106.954
106.963
106.973
106.982
106.991
107.001
107.01
107.02
107.029
107.038
107.048
107.057
107.066
107.076
107.085
107.094
107.104
107.113
107.122
107.132
107.141
107.15
107.16
107.169
107.178
107.188
107.197
107.206
107.216
107.225
107.234
107.244
107.253
107.262
107.272
107.281
107.29
107.299
107.309
107.318
107.327
107.337
10.7337
12.2337
13.7337
15.2337
16.7337
18.2337
19.7337
21.2337
22.7337
24.2337
25.7337
27.2337
28.7337
30.2337
31.7337
33.2337
34.7337
36.2337
37.7337
39.2337
40.7337
42.2337
43.7337
45.2337
46.7337
48.2337
49.7337
51.2337
52.7337
54.2337
54.2521
54.2705
54.289
54.3074
54.3258
54.3442
54.3626
54.381
54.3994
54.4178
54.4362
54.4545
54.4729
54.4912
54.5096
54.5279
54.5463
54.5646
54.5829
54.6013
54.6196
54.6379
54.6562
54.6745
54.6928
54.7111
54.7293
54.7476
54.7659
54.7841
54.8024
54.8206
54.8389
54.8571
54.8753
54.8936
54.9118
54.93
54.9482
54.9664
54.9846
55.0028
55.021
55.0391
55.0573
55.0755
55.0936
55.1118
55.1299
55.1481
55.1662
55.1843
55.2024
55.2206
55.2387
55.2568
55.2749
55.293
55.311
55.3291
55.3472
55.3653
55.3833
55.4014
55.4194
55.4375
55.4555
55.4735
55.4916
55.5096
55.5276
55.5456
55.5636
55.5816
55.5996
55.6176
55.6356
55.6535
55.6715
55.6895
55.7074
55.7254
55.7433
55.7613
55.7792
55.7971
55.8151
55.833
55.8509
55.8688
55.8867
55.9046
55.9225
55.9403
55.9582
55.9761
55.994
56.0118
56.0297
56.0475
56.0654
56.0832
56.101
56.1189
56.1367
56.1545
56.1723
56.1901
5.61901
7.11901
8.61901
10.119
11.619
13.119
14.619
16.119
17.619
19.119
20.619
22.119
23.619
25.119
26.619
28.119
28.1546
28.1901
28.2256
28.261
28.2964
28.3317
28.367
28.4023
28.4375
28.4726
28.5078
28.5428
28.5779
28.6129
28.6478
28.6827
28.7176
28.7524
28.7872
28.8219
28.8566
28.8913
28.9259
28.9605
28.995
29.0295
29.0639
29.0983
29.1327
29.167
29.2013
29.2356
29.2698
29.3039
29.338
29.3721
29.4062
29.4402
29.4742
29.5081
29.542
29.5758
29.6096
29.6434
29.6771
29.7108
29.7445
29.7781
29.8117
29.8452
29.8787
29.9122
29.9456
29.979
30.0124
30.0457
30.079
30.1122
30.1455
30.1786
3.01786
4.51786
6.01786
7.51786
9.01786
10.5179
12.0179
13.5179
15.0179
16.5179
16.5784
16.6387
16.6988
16.7587
16.8184
16.8778
16.9371
16.9961
17.055
17.1136
17.172
17.2303
17.2883
17.3461
17.4038
17.4613
17.5185
17.5756
17.6325
17.6892
17.7457
17.8021
17.8583
17.9143
17.9701
18.0257
18.0812
18.1365
18.1917
18.2466
18.3014
18.3561
18.4106
18.4649
18.519
18.573
18.6269
18.6806
18.7341
18.7875
18.8407
18.8938
18.9467
18.9995
19.0521
19.1046
19.1569
19.2091
19.2612
19.3131
19.3649
19.4165
19.468
19.5194
19.5706
19.6217
19.6727
19.7235
19.7742
19.8248
19.8752
19.9256
19.9757
20.0258
20.0757
20.1255
20.1752
20.2248
20.2742
20.3236
20.3728
20.4219
20.4708
20.5197
20.5684
20.617
20.6655
20.7139
20.7622
20.8104
20.8584
20.9064
20.9542
21.0019
21.0495
21.097
21.1444
21.1917
21.2389
21.286
21.333
21.3799
21.4266
21.4733
21.5199
21.5663
21.6127
21.659
21.7051
21.7512
21.7972
21.8431
21.8888
21.9345
21.9801
22.0256
22.071
22.1163
22.1615
22.2067
22.2517
22.2966
22.3415
22.3863
22.4309
22.4755
22.52
22.5644
22.6087
22.6529
22.6971
22.7412
22.7851
22.829
22.8728
22.9165
22.9602
23.0037
23.0472
23.0906
23.1339
23.1771
23.2203
23.2633
23.3063
23.3492
23.3921
23.4348
23.4775
23.5201
23.5626
23.605
23.6474
23.6897
23.7319
23.774
23.8161
23.8581
23.9
23.9418
23.9836
24.0253
24.0669
24.1085
24.15
24.1914
2.41914
3.91914
5.41914
6.91914
8.41914
9.91914
11.4191
12.9191
12.9965
13.0735
13.15
13.226
13.3016
13.3768
13.4516
13.5259
13.5998
13.6734
13.7465
13.8192
13.8916
13.9636
14.0352
14.1065
14.1774
14.2479
14.3181
14.3879
14.4574
14.5266
14.5954
14.6639
14.7321
14.8
14.8676
14.9348
15.0018
15.0685
15.1348
15.2009
15.2667
15.3322
15.3974
15.4623
15.527
15.5914
15.6556
15.7194
15.7831
15.8464
15.9095
15.9724
16.035
16.0973
16.1595
16.2214
16.283
16.3444
16.4056
16.4666
16.5273
16.5878
16.6481
16.7081
16.768
16.8276
16.8871
16.9463
17.0053
17.0641
17.1227
17.1811
17.2393
17.2973
17.3551
17.4127
17.4702
17.5274
17.5845
17.6413
17.698
17.7545
17.8108
17.867
17.923
17.9787
18.0344
18.0898
18.1451
18.2002
18.2552
18.3099
18.3645
18.419
18.4733
18.5274
18.5814
18.6352
18.6889
18.7424
18.7957
18.8489
18.902
18.9549
19.0077
19.0603
19.1127
19.1651
19.2172
19.2693
19.3212
1.93212
3.43212
4.93212
6.43212
7.93212
9.43212
10.9321
11.0236
11.1143
11.2043
11.2935
11.3821
11.4699
11.5571
11.6436
11.7295
11.8148
11.8994
11.9835
12.0669
12.1498
12.2321
12.3138
12.395
12.4757
12.5559
12.6355
12.7147
12.7933
12.8715
12.9492
13.0264
13.1032
13.1795
13.2554
13.3308
13.4058
13.4804
13.5546
13.6284
13.7017
13.7747
13.8473
13.9195
13.9914
14.0629
14.134
14.2047
14.2751
14.3452
14.4149
14.4842
14.5533
14.622
14.6904
14.7585
14.8262
14.8937
14.9608
15.0277
15.0942
15.1604
15.2264
15.2921
15.3575
15.4226
15.4874
15.552
15.6163
15.6803
15.7441
15.8076
15.8709
15.9339
15.9967
16.0592
16.1214
16.1835
16.2453
16.3068
16.3681
16.4292
16.4901
16.5507
16.6112
16.6714
16.7313
16.7911
16.8507
16.91
16.9692
17.0281
17.0868
17.1453
17.2037
17.2618
17.3197
17.3775
17.435
17.4924
17.5495
17.6065
17.6633
17.7199
17.7764
17.8326
17.8887
17.9446
18.0003
18.0559
18.1112
18.1665
18.2215
18.2764
18.3311
18.3857
18.44
18.4943
18.5483
18.6023
18.656
18.7096
18.7631
18.8164
18.8695
18.9225
18.9754
19.0281
19.0806
19.133
19.1853
19.2374
19.2894
19.3412
19.3929
1.93929
3.43929
4.93929
6.43929
7.93929
9.43929
10.9393
11.0307
11.1214
11.2113
11.3005
11.389
11.4768
11.5639
11.6504
11.7362
11.8214
11.906
11.99
12.0734
12.1562
12.2385
12.3202
12.4014
12.482
12.5621
12.6417
12.7208
1.27208
2.77208
4.27208
5.77208
7.27208
7.4096
7.54456
7.6771
7.80736
7.93544
8.06146
8.18551
8.30767
8.42804
8.5467
8.6637
8.77912
8.89303
9.00548
9.11652
9.22621
9.3346
9.44173
9.54764
9.65238
9.75598
9.85848
9.95992
10.0603
10.1597
10.2581
10.3556
10.4522
10.5479
10.6427
10.7366
10.8298
10.9221
11.0137
11.1045
11.1945
11.2839
11.3725
11.4604
11.5477
11.6343
11.7202
11.8055
11.8902
11.9743
12.0579
12.1408
12.2232
12.305
12.3862
12.467
12.5472
12.6269
12.7061
12.7848
12.863
12.9407
13.018
13.0948
13.1712
13.2471
13.3226
13.3977
13.4723
13.5465
13.6204
13.6938
13.7668
13.8394
13.9117
13.9836
14.0551
14.1262
14.197
14.2675
14.3376
14.4073
14.4767
14.5458
14.6145
14.683
14.7511
14.8189
14.8863
14.9535
15.0204
15.087
15.1533
15.2192
15.285
15.3504
15.4155
15.4804
15.545
15.6093
15.6734
15.7372
15.8007
15.864
15.9271
15.9898
16.0524
16.1147
16.1767
16.2385
16.3001
16.3615
16.4226
16.4835
16.5442
16.6046
16.6648
16.7248
16.7846
16.8442
16.9036
16.9627
17.0217
17.0804
17.139
17.1973
17.2555
17.3134
17.3712
17.4287
17.4861
17.5433
1.75433
3.25433
4.75433
1
2.5
2.9
3.24483
3.55301
3.83446
4.09525
4.33944
4.56988
4.78871
4.99753
5.19763
5.39003
5.57555
5.75491
5.92867
6.09735
6.26135
6.42106
6.5768
6.72885
6.87746
7.02286
7.16526
7.30482
7.44171
7.57609
7.70809
7.83782
7.96541
1
2.5
4
4.25
4.48529
4.70824
4.92064
5.12386
5.31903
5.50703
5.68862
5.86441
6.03493
6.20063
6.36191
6.51909
6.67249
6.82236
6.96893
7.11243
7.25303
7.3909
7.5262
7.65907
7.78963
7.91801
8.0443
8.16862
8.29104
8.41165
8.53053
8.64776
8.76339
8.8775
8.99015
9.10138
9.21125
9.31982
9.42712
9.53319
9.63809
9.74184
9.84449
9.94607
10.0466
10.1462
10.2447
10.3423
10.439
10.5348
10.6297
10.7238
10.8171
10.9095
11.0012
11.0921
11.1822
11.2716
11.3604
11.4484
11.5357
11.6224
11.7085
11.7939
11.8787
11.9629
12.0464
12.1295
12.2119
12.2938
12.3751
12.4559
12.5362
12.616
12.6953
12.774
12.8523
12.9301
1.29301
2.79301
4.29301
5.79301
7.29301
7.43013
7.56472
7.69691
7.82683
7.9546
8.08031
8.20407
8.32596
8.44606
8.56446
1
2.5
4
5.5
5.68182
5.85782
6.02853
6.19441
6.35584
6.51318
6.66671
6.81671
6.96341
7.10702
7.24773
7.3857
7.5211
7.65406
7.78471
7.91316
8.03953
8.16392
8.28641
8.40709
8.52604
8.64332
8.75902
8.87319
8.98589
9.09717
9.2071
9.31571
9.42305
9.52918
9.63412
9.73792
9.84061
9.94223
10.0428
10.1424
10.241
10.3386
10.4353
10.5312
10.6261
10.7202
10.8135
10.906
10.9977
11.0886
11.1788
11.2683
11.357
11.4451
11.5324
11.6191
11.7052
11.7906
11.8755
11.9597
12.0433
12.1263
12.2088
12.2907
12.372
12.4529
12.5332
12.613
12.6922
12.771
12.8493
12.9272
13.0045
13.0814
13.1579
13.2339
13.3094
13.3846
13.4593
13.5336
13.6075
13.6809
13.754
13.8267
13.8991
13.971
14.0426
14.1138
14.1847
14.2552
14.3253
14.3951
14.4646
14.5337
14.6025
14.671
14.7392
14.807
14.8745
14.9418
15.0087
15.0753
15.1417
15.2077
15.2735
15.3389
15.4041
15.469
15.5337
15.5981
15.6622
15.726
15.7896
15.8529
15.916
15.9789
16.0414
16.1038
16.1659
16.2277
16.2894
16.3507
16.4119
16.4728
16.5335
16.594
16.6543
16.7143
16.7742
16.8338
16.8932
16.9524
17.0114
17.0702
17.1287
17.1871
17.2453
17.3033
17.3611
17.4187
17.4761
17.5333
17.5903
17.6472
17.7039
17.7603
17.8166
17.8728
17.9287
17.9845
18.0401
18.0955
18.1508
18.2059
18.2608
18.3156
18.3702
18.4246
18.4789
18.533
18.587
18.6408
18.6944
18.7479
18.8012
18.8544
18.9075
18.9604
19.0131
19.0657
19.1181
19.1705
19.2226
19.2746
19.3265
19.3783
19.4299
19.4813
19.5327
19.5839
19.6349
19.6859
19.7367
19.7873
19.8379
19.8883
19.9385
19.9887
20.0387
20.0886
20.1384
20.1881
20.2376
20.287
20.3363
20.3855
20.4345
20.4835
20.5323
20.581
20.6296
20.6781
20.7264
20.7747
20.8228
20.8708
20.9187
20.9665
21.0142
21.0618
21.1093
21.1567
21.2039
21.2511
21.2982
21.3451
21.392
21.4387
21.4854
21.5319
21.5783
21.6247
21.6709
2.16709
3.66709
5.16709
6.66709
8.16709
9.66709
11.1671
11.2566
11.3455
11.4336
11.5211
11.6079
11.694
11.7795
11.8644
11.9487
12.0324
12.1155
12.1981
12.28
12.3615
12.4424
12.5227
12.6026
12.6819
12.7608
12.8392
12.917
12.9945
13.0714
13.1479
13.224
13.2996
13.3748
13.4496
13.5239
13.5979
13.6714
13.7445
13.8173
13.8897
13.9617
14.0333
14.1045
14.1754
14.246
14.3162
14.386
14.4555
14.5247
14.5936
14.6621
14.7303
14.7982
14.8658
14.933
15
15.0667
15.133
15.1991
15.2649
15.3304
15.3956
15.4606
15.5253
15.5897
15.6538
15.7177
15.7813
15.8447
15.9078
15.9707
16.0333
16.0957
16.1578
16.2197
16.2813
16.3428
16.404
16.4649
16.5256
16.5862
16.6464
16.7065
16.7664
16.826
16.8855
16.9447
17.0037
17.0625
17.1211
17.1795
17.2377
17.2957
17.3536
17.4112
17.4686
17.5259
17.5829
17.6398
17.6965
17.753
17.8093
17.8655
17.9214
17.9772
18.0329
18.0883
18.1436
18.1987
18.2537
18.3085
18.3631
18.4175
18.4718
18.526
18.5799
18.6338
18.6874
18.7409
18.7943
18.8475
18.9006
18.9535
19.0062
19.0589
19.1113
19.1636
19.2158
19.2679
19.3198
19.3715
19.4232
19.4746
19.526
19.5772
19.6283
19.6792
19.73
19.7807
19.8313
19.8817
19.932
19.9822
20.0322
20.0821
20.1319
20.1816
20.2312
20.2806
20.3299
20.3791
20.4282
20.4771
20.5259
20.5747
20.6233
20.6717
20.7201
20.7684
20.8165
20.8646
20.9125
20.9603
2.09603
3.59603
5.09603
6.59603
8.09603
9.59603
11.096
11.1862
11.2756
11.3642
11.4522
11.5396
11.6262
11.7122
11.7976
11.8824
11.9665
12.0501
12.1331
12.2155
12.2974
12.3787
12.4595
12.5397
12.6195
12.6987
12.7775
12.8557
12.9335
13.0108
13.0877
13.1641
13.2401
13.3156
13.3907
13.4654
13.5396
13.6135
13.6869
13.76
13.8327
13.905
13.9769
14.0484
14.1196
14.1904
14.2609
14.331
14.4008
14.4703
14.5394
14.6081
14.6766
14.7447
14.8126
14.8801
14.9473
15.0142
15.0808
15.1471
15.2131
15.2788
15.3443
15.4095
15.4744
15.539
15.6033
15.6674
15.7312
15.7948
15.8581
15.9212
15.984
16.0466
16.1089
1.61089
3.11089
4.61089
6.11089
7.61089
9.11089
9.22065
9.3291
9.43629
9.54226
9.64706
9.75072
9.85328
9.95476
10.0552
10.1547
10.2531
10.3507
10.4473
10.543
10.6379
10.7319
10.825
10.9174
11.009
11.0999
11.1899
11.2793
11.368
11.4559
11.5432
11.6299
11.7158
11.8012
11.8859
11.9701
12.0536
12.1366
12.219
12.3008
12.3821
12.4629
12.5431
12.6228
12.702
12.7808
12.859
12.9368
13.0141
13.0909
13.1673
13.2433
13.3188
13.3939
13.4685
1.34685
2.84685
4.34685
5.84685
7.34685
7.48296
7.6166
7.74789
7.87696
8.00391
8.12885
8.25187
8.37305
8.49249
8.61024
8.72638
8.84097
8.95408
9.06576
9.17607
9.28505
9.39275
9.49921
9.60448
9.7086
9.8116
9.91352
10.0144
10.1143
10.2131
10.311
10.408
10.5041
10.5993
10.6936
1.06936
2.56936
4.06936
5.56936
5.74892
5.92286
6.0917
6.25586
6.41571
6.57158
6.72375
6.87247
7.01798
1
2.5
4
4.25
4.48529
4.70824
4.92064
5.12386
5.31903
5.50703
5.68862
5.86441
6.03493
6.20063
6.36191
6.51909
6.67249
6.82236
6.96893
7.11243
7.25303
7.3909
7.5262
7.65907
7.78963
7.91801
8.0443
8.16862
8.29104
8.41165
8.53053
8.64776
8.76339
8.8775
8.99015
9.10138
9.21125
9.31982
9.42712
9.53319
9.63809
9.74184
9.84449
9.94607
10.0466
10.1462
10.2447
10.3423
10.439
10.5348
10.6297
10.7238
10.8171
10.9095
11.0012
11.0921
11.1822
11.2716
11.3604
11.4484
11.5357
11.6224
11.7085
11.7939
11.8787
11.9629
12.0464
12.1295
12.2119
12.2938
12.3751
12.4559
12.5362
12.616
12.6953
12.774
12.8523
12.9301
13.0075
13.0843
13.1608
13.2367
13.3123
13.3874
13.4621
13.5364
13.6103
13.6837
13.7568
13.8295
13.9018
13.9737
14.0453
14.1165
14.1873
14.2578
14.328
14.3978
14.4672
14.5363
14.6051
14.6736
14.7418
14.8096
14.8771
14.9443
15.0112
15.0779
15.1442
15.2102
15.276
15.3414
15.4066
15.4715
15.5361
15.6005
15.6646
15.7285
15.792
15.8554
15.9184
15.9812
16.0438
16.1061
16.1682
16.2301
16.2917
16.3531
16.4142
16.4752
16.5359
16.5963
16.6566
16.7166
16.7764
16.836
16.8954
16.9546
17.0136
17.0724
17.131
17.1893
17.2475
17.3055
17.3633
17.4209
17.4783
17.5355
17.5925
17.6494
17.706
17.7625
17.8188
17.8749
17.9309
17.9866
18.0422
18.0976
18.1529
18.208
18.2629
18.3177
18.3723
18.4267
18.481
18.5351
18.589
18.6428
18.6965
18.7499
18.8033
18.8565
18.9095
1.89095
3.39095
4.89095
6.39095
7.89095
9.39095
10.8909
10.9828
11.0738
11.1641
11.2537
11.3426
11.4307
11.5182
11.605
11.6912
11.7767
11.8616
11.9459
12.0297
12.1128
12.1953
12.2773
12.3588
12.4397
12.5201
12.6
12.6793
12.7582
12.8366
12.9145
12.9919
13.0689
13.1454
13.2215
13.2971
13.3723
13.4471
13.5215
13.5954
13.669
13.7421
13.8149
13.8873
13.9593
14.0309
14.1022
14.1731
14.2437
14.3139
14.3837
14.4533
14.5224
14.5913
14.6598
14.7281
14.796
14.8635
14.9308
14.9978
15.0645
15.1308
15.1969
15.2627
15.3283
15.3935
15.4585
15.5232
15.5876
15.6517
15.7156
15.7792
15.8426
15.9057
15.9686
16.0312
16.0936
16.1558
16.2176
16.2793
16.3407
16.4019
16.4629
16.5236
16.5842
16.6445
16.7045
16.7644
16.8241
16.8835
16.9427
17.0017
17.0606
17.1192
17.1776
17.2358
17.2938
17.3517
17.4093
17.4667
17.524
17.581
17.6379
17.6946
17.7511
17.8075
17.8636
17.9196
17.9754
18.031
18.0865
18.1418
18.1969
18.2519
18.3067
18.3613
18.4157
18.47
18.5242
18.5782
18.632
18.6857
18.7392
18.7925
18.8458
18.8988
18.9517
19.0045
19.0571
19.1096
19.1619
19.2141
19.2662
19.3181
19.3698
19.4214
19.4729
19.5243
19.5755
19.6266
19.6775
19.7284
19.7791
19.8296
19.88
19.9303
19.9805
20.0306
20.0805
20.1303
20.18
20.2295
20.279
20.3283
20.3775
20.4265
20.4755
20.5243
20.573
20.6217
20.6701
2.06701
3.56701
5.06701
6.56701
8.06701
9.56701
11.067
11.1574
11.247
11.3359
11.4241
11.5117
11.5985
11.6847
11.7703
11.8553
11.9396
12.0234
12.1066
12.1892
12.2712
12.3527
12.4337
12.5141
12.594
12.6734
12.7523
12.8307
12.9087
12.9861
13.0631
13.1397
13.2158
13.2914
13.3667
13.4415
13.5159
13.5899
13.6635
13.7367
13.8095
13.8819
13.9539
14.0256
14.0969
14.1678
14.2384
14.3086
14.3785
14.4481
14.5173
14.5862
14.6547
14.7229
14.7909
14.8585
14.9258
14.9928
15.0595
15.1259
15.192
15.2578
15.3234
15.3886
15.4536
15.5183
15.5827
15.6469
15.7108
15.7745
15.8379
15.901
15.9639
16.0265
16.0889
16.1511
16.213
16.2747
16.3361
16.3973
16.4583
16.5191
16.5796
16.6399
16.7
16.7599
16.8196
16.879
16.9383
16.9973
17.0562
17.1148
17.1732
17.2314
17.2895
17.3473
17.405
17.4624
17.5197
17.5768
17.6337
17.6904
17.7469
17.8032
17.8594
17.9154
17.9712
18.0269
18.0823
18.1376
18.1928
18.2477
18.3025
18.3572
18.4117
18.466
18.5201
18.5741
18.628
18.6816
18.7352
18.7885
18.8418
18.8948
18.9478
19.0005
19.0532
19.1057
19.158
19.2102
19.2623
19.3142
19.3659
19.4176
19.4691
19.5204
19.5717
19.6228
19.6737
19.7246
19.7753
19.8258
19.8763
19.9266
19.9768
20.0268
20.0767
20.1266
20.1762
20.2258
20.2752
20.3246
20.3738
20.4229
20.4718
20.5207
20.5694
20.618
20.6665
20.7149
20.7632
20.8113
20.8594
20.9073
20.9552
21.0029
21.0505
21.098
21.1454
21.1927
21.2399
21.287
21.3339
21.3808
21.4276
21.4742
21.5208
21.5673
21.6136
21.6599
21.7061
21.7522
21.7981
2.17981
3.67981
5.17981
6.67981
8.17981
9.67981
11.1798
11.2693
11.358
11.446
11.5334
11.6201
11.7062
11.7916
11.8764
11.9606
12.0442
12.1272
12.2097
12.2916
12.373
12.4538
12.5341
12.6139
12.6931
12.7719
12.8502
12.928
13.0054
13.0823
13.1587
13.2347
13.3103
13.3854
13.4601
13.5344
13.6083
13.6818
13.7549
13.8276
13.8999
13.9718
14.0434
14.1146
14.1855
14.2559
14.3261
14.3959
14.4654
14.5345
14.6033
14.6718
14.7399
14.8078
14.8753
14.9425
15.0095
15.0761
15.1424
15.2084
15.2742
15.3397
15.4049
15.4698
15.5344
15.5988
15.6629
15.7267
15.7903
15.8537
15.9167
15.9796
16.0421
16.1045
16.1666
16.2284
16.29
16.3514
16.4126
16.4735
16.5342
16.5947
16.655
16.715
16.7748
16.8344
16.8939
16.953
17.012
17.0708
17.1294
17.1878
17.246
17.3039
17.3617
17.4193
17.4767
17.534
17.591
17.6478
17.7045
17.761
17.8173
17.8734
17.9294
17.9851
18.0407
18.0962
18.1514
18.2065
18.2614
18.3162
18.3708
18.4252
18.4795
18.5336
18.5876
18.6414
18.695
18.7485
18.8018
18.855
18.9081
18.961
19.0137
19.0663
19.1187
19.171
19.2232
19.2752
19.3271
19.3788
19.4304
19.4819
19.5332
19.5844
19.6355
19.6864
19.7372
19.7879
19.8384
19.8888
19.9391
19.9893
20.0393
20.0892
20.139
20.1886
20.2382
20.2876
20.3369
20.386
20.4351
20.484
20.5328
20.5815
20.6301
20.6786
20.727
20.7752
20.8233
20.8714
20.9193
20.9671
21.0148
21.0624
21.1098
21.1572
21.2045
21.2516
21.2987
21.3456
21.3925
21.4392
21.4859
21.5324
21.5789
21.6252
21.6714
21.7176
21.7636
21.8096
21.8554
21.9012
21.9468
21.9924
22.0379
22.0833
22.1285
22.1737
22.2188
22.2638
22.3088
22.3536
22.3983
22.443
22.4875
22.532
22.5764
22.6207
22.6649
22.709
22.753
22.797
22.8408
22.8846
22.9283
22.9719
23.0155
23.0589
23.1023
23.1456
23.1888
23.2319
23.2749
23.3179
23.3608
23.4036
23.4463
23.489
23.5316
23.574
23.6165
23.6588
23.7011
23.7433
23.7854
23.8274
23.8694
23.9113
23.9531
23.9949
24.0365
24.0781
24.1197
24.1611
24.2025
24.2438
24.2851
24.3263
24.3674
24.4084
24.4494
24.4903
24.5311
24.5719
24.6126
24.6532
24.6938
24.7343
24.7747
24.8151
24.8554
24.8956
24.9358
24.9759
25.0159
25.0559
25.0958
25.1356
25.1754
25.2151
25.2548
25.2944
25.3339
25.3734
25.4128
25.4522
25.4915
25.5307
25.5698
25.609
25.648
25.687
25.7259
25.7648
25.8036
25.8424
25.8811
25.9197
25.9583
25.9968
26.0353
26.0737
26.112
26.1503
26.1886
26.2268
26.2649
26.303
26.341
26.3789
26.4168
26.4547
26.4925
26.5302
26.5679
26.6056
26.6432
26.6807
26.7182
26.7556
26.793
26.8303
26.8676
26.9048
26.942
26.9791
2.69791
4.19791
5.69791
7.19791
8.69791
10.1979
11.6979
13.1979
14.6979
14.7659
14.8337
14.9011
14.9682
15.035
15.1015
15.1677
15.2337
15.2993
15.3647
15.4298
15.4946
15.5591
15.6234
15.6874
15.7511
15.8146
15.8778
15.9408
16.0036
16.066
16.1283
16.1903
16.2521
16.3136
16.3749
16.436
16.4968
16.5574
16.6178
16.678
16.7379
16.7977
16.8572
16.9165
16.9757
17.0346
17.0933
17.1518
17.2101
17.2682
17.3261
17.3838
17.4413
17.4987
17.5558
17.6128
17.6696
17.7261
17.7826
17.8388
17.8949
17.9507
18.0064
18.062
18.1173
18.1725
18.2276
18.2824
18.3371
18.3917
18.446
18.5002
18.5543
18.6082
18.6619
18.7155
18.7689
18.8222
18.8754
18.9283
18.9812
19.0339
19.0864
19.1388
19.191
19.2431
19.2951
19.3469
1.93469
3.43469
4.93469
6.43469
7.93469
9.43469
10.9347
11.0261
11.1168
11.2068
11.296
11.3846
11.4724
11.5596
11.6461
11.7319
11.8172
11.9018
11.9858
12.0692
12.1521
12.2344
12.3161
12.3973
12.478
12.5581
12.6378
12.7169
12.7955
12.8737
12.9513
13.0286
13.1053
13.1816
13.2575
13.3329
13.4079
13.4825
13.5567
13.6304
13.7038
13.7768
13.8494
13.9216
13.9934
14.0649
1.40649
2.90649
4.40649
5.90649
7.40649
7.5415
7.6741
7.80441
7.93254
8.05861
8.1827
8.30491
8.42532
8.54401
8.66105
8.77651
8.89045
9.00293
9.114
9.22372
9.33214
9.4393
9.54524
9.65
9.75363
9.85615
9.95761
10.058
10.1575
10.2559
10.3534
10.45
10.5457
10.6405
10.7345
