k_i = 1 ,k_m = 1 ,k_n = 1 ,k_f= 0.1 ,p_s =  0.01 ,t = 3000
1
2
3
4
5
6
7
8
9
10
11
12
13
14
15
16
17
18
19
20
21
22
23
24
25
26
27
28
29
30
31
32
33
34
35
36
37
38
39
40
41
42
43
44
45
46
47
48
49
50
51
52
53
54
55
56
57
58
59
60
61
62
63
64
65
66
67
68
69
70
71
72
73
74
75
76
77
78
79
80
81
82
83
84
85
86
87
88
89
90
91
92
93
94
95
96
97
98
99
100
101
102
103
104
105
106
107
108
109
110
111
112
113
114
115
116
117
118
119
120
121
122
123
124
125
126
127
128
129
130
131
132
133
134
135
136
137
138
139
140
141
142
143
144
145
146
147
148
149
150
151
152
153
154
155
156
157
158
159
160
161
162
163
164
165
166
167
168
169
170
171
172
173
174
175
176
177
178
179
180
181
182
183
184
185
186
187
188
189
190
191
192
193
194
195
196
197
198
199
200
201
202
203
204
205
206
207
208
209
210
211
212
213
214
215
216
217
218
219
220
221
222
223
224
225
226
227
228
229
230
231
232
233
234
235
236
237
238
239
240
241
242
243
244
245
246
247
248
249
250
251
252
253
254
255
256
257
258
259
260
261
262
263
264
265
266
267
268
269
270
271
272
273
274
275
276
277
278
279
280
281
282
283
284
285
286
287
288
289
290
291
292
293
294
295
296
297
298
299
300
30
31
32
33
34
35
36
37
38
39
40
41
42
43
44
45
46
47
48
49
50
51
52
53
54
55
56
57
58
59
60
61
62
63
64
65
66
67
68
69
70
71
72
73
74
75
76
77
78
79
80
81
82
83
84
85
86
87
88
89
90
91
92
93
94
95
96
97
98
99
100
101
102
103
104
105
106
107
108
109
110
111
112
113
114
115
116
117
118
119
120
121
122
123
124
125
126
127
128
129
130
131
132
133
134
135
136
137
138
139
140
141
142
14.2
15.2
16.2
17.2
18.2
19.2
20.2
21.2
22.2
23.2
24.2
25.2
26.2
27.2
28.2
29.2
30.2
31.2
32.2
33.2
34.2
35.2
36.2
37.2
38.2
39.2
40.2
41.2
42.2
43.2
44.2
45.2
46.2
47.2
48.2
49.2
50.2
51.2
52.2
53.2
54.2
55.2
56.2
57.2
58.2
59.2
60.2
61.2
62.2
63.2
64.2
65.2
66.2
67.2
68.2
69.2
70.2
71.2
71.214
71.2281
71.2421
71.2562
71.2702
71.2842
71.2983
71.3123
71.3263
71.3403
71.3543
71.3684
71.3824
71.3964
71.4104
71.4244
71.4384
71.4524
71.4664
71.4804
71.4944
71.5084
71.5223
71.5363
71.5503
71.5643
71.5782
71.5922
71.6062
71.6201
71.6341
71.6481
71.662
71.676
71.6899
71.7039
71.7178
71.7318
71.7457
71.7597
71.7736
71.7875
71.8015
71.8154
71.8293
71.8432
71.8571
71.8711
71.885
71.8989
71.9128
71.9267
71.9406
71.9545
71.9684
71.9823
71.9962
72.0101
7.20101
8.20101
9.20101
10.201
11.201
12.201
13.201
14.201
15.201
16.201
17.201
18.201
19.201
20.201
21.201
22.201
23.201
24.201
25.201
26.201
27.201
28.201
29.201
30.201
31.201
32.201
33.201
34.201
35.201
36.201
36.2286
36.2562
36.2838
36.3114
36.3389
36.3664
36.3939
36.4214
36.4489
36.4763
36.5037
36.5311
36.5585
36.5858
36.6132
36.6405
36.6678
36.695
36.7223
36.7495
36.7767
36.8039
36.8311
36.8583
36.8854
36.9125
36.9396
36.9667
36.9937
37.0207
37.0478
37.0747
37.1017
37.1287
37.1556
37.1825
37.2094
37.2363
37.2631
37.29
37.3168
37.3436
37.3704
37.3971
37.4239
37.4506
37.4773
37.504
37.5306
37.5573
37.5839
37.6105
37.6371
37.6637
37.6902
37.7168
37.7433
37.7698
37.7962
37.8227
37.8491
37.8756
37.902
37.9283
37.9547
37.9811
38.0074
38.0337
38.06
38.0863
38.1125
38.1388
38.165
38.1912
38.2174
38.2435
38.2697
38.2958
38.3219
38.348
38.3741
38.4002
38.4262
38.4522
38.4782
38.5042
38.5302
38.5561
38.5821
38.608
38.6339
38.6598
38.6856
38.7115
38.7373
38.7631
38.7889
38.8147
38.8405
38.8662
38.892
38.9177
38.9434
38.969
38.9947
39.0204
39.046
39.0716
3.90716
4.90716
5.90716
6.90716
7.90716
8.90716
9.90716
10.9072
11.9072
12.9072
13.9072
14.9072
15.9072
16.9072
17.9072
18.9072
19.9072
19.9574
20.0075
20.0575
20.1073
20.1571
20.2067
20.2562
20.3055
20.3548
20.4039
20.4529
20.5018
20.5506
20.5993
20.6478
20.6962
20.7445
20.7928
20.8408
20.8888
20.9367
20.9845
21.0321
21.0797
21.1271
21.1744
21.2217
21.2688
21.3158
21.3627
21.4095
21.4562
21.5028
21.5493
21.5958
21.6421
21.6883
21.7344
21.7804
21.8263
21.8721
21.9178
21.9635
22.009
22.0544
22.0998
22.145
22.1902
22.2352
22.2802
22.3251
22.3699
22.4146
22.4592
22.5037
22.5482
22.5925
22.6368
22.681
2.2681
3.2681
4.2681
5.2681
6.2681
7.2681
8.2681
9.2681
10.2681
11.2681
12.2681
12.3496
12.4306
12.511
12.591
12.6704
12.7493
12.8277
12.9057
12.9832
13.0602
13.1368
13.2129
13.2886
13.3638
13.4387
13.5131
13.5871
13.6607
13.7339
13.8067
13.8791
13.9512
14.0228
14.0942
14.1651
14.2357
14.306
14.3759
14.4454
14.5146
14.5835
14.6521
14.7204
14.7883
14.8559
14.9232
14.9902
15.0569
15.1234
15.1895
15.2553
15.3209
15.3861
15.4511
15.5159
15.5803
15.6445
15.7084
15.7721
15.8355
15.8986
15.9615
16.0242
16.0866
16.1487
16.2107
16.2723
16.3338
16.395
16.456
16.5168
16.5773
16.6377
16.6978
16.7576
16.8173
16.8768
16.936
16.9951
17.0539
17.1126
17.171
17.2292
17.2873
17.3451
17.4028
17.4602
17.5175
17.5746
17.6315
17.6882
17.7447
17.8011
17.8573
17.9133
17.9691
18.0248
18.0802
18.1355
18.1907
18.2457
18.3005
18.3551
18.4096
18.4639
18.5181
18.5721
18.6259
18.6796
18.7331
18.7865
18.8397
18.8928
18.9458
18.9985
19.0512
19.1037
19.156
19.2082
19.2603
19.3122
19.364
19.4156
19.4671
19.5185
19.5697
19.6208
19.6718
19.7226
19.7733
19.8239
19.8743
19.9247
19.9749
20.0249
20.0749
20.1247
20.1744
20.2239
20.2734
20.3227
20.3719
20.421
20.47
20.5188
20.5675
20.6162
20.6647
20.7131
20.7613
20.8095
20.8576
20.9055
20.9533
21.0011
21.0487
21.0962
21.1436
21.1909
21.2381
21.2852
21.3321
21.379
21.4258
21.4725
2.14725
3.14725
4.14725
5.14725
6.14725
7.14725
8.14725
9.14725
10.1472
11.1472
11.237
11.3259
11.4142
11.5019
11.5888
11.6751
11.7607
11.8458
11.9302
12.014
12.0972
12.1799
12.262
12.3436
12.4246
12.5051
12.585
12.6645
12.7434
12.8219
12.8999
12.9774
13.0545
13.1311
13.2072
13.283
13.3582
13.4331
13.5075
13.5816
13.6552
13.7284
13.8013
13.8737
13.9458
14.0175
14.0889
14.1598
14.2305
14.3007
14.3707
14.4402
14.5095
14.5784
14.647
14.7153
14.7832
14.8509
14.9182
14.9853
15.052
15.1184
15.1846
15.2504
15.316
15.3813
15.4463
15.511
15.5755
15.6397
15.7037
15.7673
15.8308
15.8939
15.9568
16.0195
16.0819
16.1441
16.2061
16.2678
16.3292
16.3905
16.4515
16.5123
16.5728
16.6332
16.6933
16.7532
16.8129
16.8724
16.9316
16.9907
17.0496
17.1082
17.1667
17.2249
17.283
17.3408
17.3985
17.456
17.5133
17.5704
17.6273
17.684
17.7405
17.7969
17.8531
17.9091
17.965
18.0206
18.0761
1.80761
2.80761
3.80761
4.80761
5.80761
6.80761
7.80761
8.80761
9.80761
9.90957
10.0105
10.1104
10.2093
10.3072
10.4043
10.5004
10.5956
10.69
10.7835
10.8763
10.9682
11.0594
11.1498
11.2395
11.3285
11.4167
11.5043
11.5912
11.6775
11.7632
11.8482
11.9326
12.0164
12.0996
12.1822
12.2643
12.3459
12.4269
12.5073
12.5873
12.6667
12.7457
12.8241
12.9021
12.9796
13.0567
13.1333
13.2094
13.2851
13.3604
13.4352
13.5097
13.5837
13.6573
13.7305
13.8033
13.8758
13.9479
14.0196
14.0909
14.1618
14.2325
14.3027
14.3726
14.4422
14.5115
14.5804
14.649
14.7172
14.7852
14.8528
14.9201
14.9872
15.0539
15.1203
15.1864
15.2523
15.3179
15.3831
15.4481
15.5129
15.5773
15.6415
15.7055
15.7691
15.8326
15.8957
15.9586
16.0213
16.0837
16.1459
16.2078
16.2695
16.331
16.3922
16.4532
16.514
16.5745
16.6349
16.695
16.7549
16.8146
16.8741
16.9333
16.9924
17.0512
17.1099
17.1683
17.2266
17.2846
17.3425
17.4001
17.4576
17.5149
17.572
17.6289
17.6856
17.7421
17.7985
17.8547
17.9107
17.9665
18.0222
18.0777
18.133
18.1881
18.2431
18.2979
18.3526
18.4071
18.4614
18.5156
18.5696
18.6234
18.6771
1.86771
2.86771
3.86771
4.86771
5.86771
6.86771
7.86771
8.86771
9.86771
9.96905
10.0694
10.1687
10.267
10.3644
10.4609
10.5565
10.6512
10.7451
10.8382
10.9304
11.0219
11.1127
11.2026
11.2919
11.3805
11.4683
11.5555
11.6421
1.16421
2.16421
3.16421
4.16421
5.16421
6.16421
6.32643
6.4845
6.63871
6.78935
6.93664
7.0808
7.22203
7.36049
7.49635
7.62975
7.76082
7.88967
8.01642
8.14116
8.26399
8.385
8.50426
8.62185
8.73783
8.85228
8.96524
9.07678
9.18696
9.29581
9.40338
9.50973
9.61488
9.71889
9.82178
9.92359
10.0244
10.1241
10.2229
10.3207
10.4176
10.5136
10.6087
10.703
10.7964
10.889
10.9809
11.0719
11.1623
11.2518
11.3407
11.4289
11.5164
11.6032
11.6894
11.775
11.8599
11.9442
12.0279
12.1111
12.1936
12.2756
12.3571
12.438
12.5184
12.5983
12.6777
12.7566
12.835
12.9129
12.9903
13.0673
13.1438
13.2199
13.2955
13.3708
13.4455
13.5199
13.5939
13.6674
13.7406
13.8134
13.8858
13.9578
14.0294
14.1007
14.1716
14.2422
14.3124
14.3823
14.4518
14.521
14.5899
14.6584
14.7266
14.7945
14.8621
14.9294
14.9964
15.0631
15.1295
15.1956
15.2614
15.3269
15.3921
15.4571
15.5218
15.5862
15.6504
15.7143
15.7779
15.8413
15.9044
15.9673
16.0299
16.0923
16.1545
16.2164
16.278
16.3395
16.4007
16.4616
16.5224
16.5829
16.6432
16.7033
16.7632
16.8228
16.8823
16.9415
17.0005
17.0593
1.70593
2.70593
3.70593
1
2
2.5
2.9
3.24483
3.55301
3.83446
4.09525
4.33944
4.56988
4.78871
4.99753
5.19763
5.39003
5.57555
5.75491
5.92867
6.09735
6.26135
6.42106
6.5768
6.72885
6.87746
7.02286
7.16526
7.30482
7.44171
7.57609
7.70809
7.83782
1
2
3
4
4.25
4.48529
4.70824
4.92064
5.12386
5.31903
5.50703
5.68862
5.86441
6.03493
6.20063
6.36191
6.51909
6.67249
6.82236
6.96893
7.11243
7.25303
7.3909
7.5262
7.65907
7.78963
7.91801
8.0443
8.16862
8.29104
8.41165
8.53053
8.64776
8.76339
8.8775
8.99015
9.10138
9.21125
9.31982
9.42712
9.53319
9.63809
9.74184
9.84449
9.94607
10.0466
10.1462
10.2447
10.3423
10.439
10.5348
10.6297
10.7238
10.8171
10.9095
11.0012
11.0921
11.1822
11.2716
11.3604
11.4484
11.5357
11.6224
11.7085
11.7939
11.8787
11.9629
12.0464
12.1295
12.2119
12.2938
12.3751
12.4559
12.5362
12.616
12.6953
12.774
12.8523
1.28523
2.28523
3.28523
4.28523
5.28523
6.28523
7.28523
7.42249
7.55722
7.68954
7.81959
7.94747
8.0733
8.19717
8.31916
1
2
3
4
5
5.2
5.39231
5.57776
5.75704
5.93074
6.09935
6.26331
6.42297
6.57866
6.73066
6.87924
7.0246
7.16696
7.30649
7.44335
7.5777
7.70967
7.83937
7.96694
8.09245
8.21603
8.33774
8.45768
8.57591
8.69252
8.80756
8.9211
9.03319
9.14389
9.25326
9.36133
9.46815
9.57377
9.67822
9.78154
9.88378
9.98495
10.0851
10.1843
10.2825
10.3797
10.476
10.5715
10.6661
10.7599
10.8528
10.9449
11.0363
11.1269
11.2168
11.3059
11.3944
11.4821
11.5692
11.6557
11.7415
11.8266
11.9112
11.9951
12.0785
12.1613
12.2435
12.3252
12.4063
12.4869
12.567
12.6466
12.7257
12.8043
12.8824
12.96
13.0371
13.1138
13.1901
13.2659
13.3413
13.4163
13.4908
13.5649
13.6386
13.712
13.7849
13.8574
13.9296
14.0014
14.0728
14.1439
14.2146
14.2849
14.3549
14.4246
14.4939
14.5629
14.6316
14.6999
14.7679
14.8357
14.9031
14.9702
15.037
15.1035
15.1697
15.2356
15.3012
15.3666
15.4317
15.4965
15.561
15.6253
15.6893
15.753
15.8165
15.8797
15.9427
16.0054
16.0679
16.1301
16.1921
16.2539
16.3154
16.3767
16.4377
16.4986
16.5592
16.6196
16.6797
16.7397
16.7994
16.859
16.9183
16.9774
17.0363
17.095
17.1535
17.2118
17.2699
17.3278
17.3855
17.443
17.5003
17.5575
17.6144
17.6712
17.7278
17.7842
17.8404
17.8965
17.9524
18.0081
18.0636
18.119
18.1742
18.2292
18.284
18.3387
18.3933
18.4476
18.5018
18.5559
18.6098
18.6635
18.7171
18.7705
18.8238
18.8769
18.9299
18.9827
19.0354
19.0879
19.1403
19.1926
19.2447
19.2966
19.3485
19.4001
19.4517
19.5031
19.5544
19.6055
19.6565
19.7074
19.7581
19.8087
19.8592
19.9096
19.9598
20.0099
20.0599
20.1097
20.1595
20.2091
20.2585
20.3079
20.3572
20.4063
20.4553
20.5042
20.5529
20.6016
20.6501
20.6986
20.7469
20.7951
20.8432
20.8911
20.939
20.9868
21.0344
21.0819
21.1294
21.1767
21.2239
21.271
21.3181
21.365
21.4118
21.4585
21.5051
2.15051
3.15051
4.15051
5.15051
6.15051
7.15051
8.15051
9.15051
10.1505
11.1505
11.2402
11.3292
11.4174
11.505
11.5919
11.6782
11.7638
11.8488
11.9332
12.017
12.1002
12.1829
12.265
12.3465
12.4275
12.508
12.5879
12.6674
12.7463
12.8248
12.9027
12.9802
13.0573
13.1339
13.21
13.2857
13.361
13.4358
13.5102
13.5843
13.6579
13.7311
13.8039
13.8764
13.9484
14.0201
14.0914
14.1624
14.233
14.3033
14.3732
14.4428
14.512
14.5809
14.6495
14.7178
14.7857
14.8533
14.9207
14.9877
15.0544
15.1208
15.187
15.2528
15.3184
15.3836
15.4487
15.5134
15.5778
15.642
15.706
15.7696
15.833
15.8962
15.9591
16.0218
16.0842
16.1464
16.2083
16.27
16.3315
16.3927
16.4537
16.5145
16.575
16.6354
16.6955
16.7554
16.815
16.8745
16.9338
16.9928
17.0517
17.1103
17.1688
17.227
17.2851
17.3429
17.4006
17.458
17.5153
17.5724
17.6293
17.686
17.7426
17.799
17.8551
17.9111
17.967
18.0226
18.0781
18.1334
18.1886
18.2436
18.2984
18.353
18.4075
18.4618
18.516
18.57
18.6239
18.6776
18.7311
18.7845
18.8377
18.8908
18.9437
18.9965
19.0492
19.1017
19.154
19.2062
19.2583
19.3102
19.362
19.4136
19.4652
19.5165
19.5678
19.6189
19.6698
19.7207
19.7714
19.822
19.8724
19.9227
19.9729
20.023
20.0729
20.1228
20.1725
20.222
20.2715
20.3208
20.37
20.4191
20.4681
20.5169
20.5657
20.6143
20.6628
20.7112
20.7595
20.8077
2.08077
3.08077
4.08077
5.08077
6.08077
7.08077
8.08077
9.08077
10.0808
11.0808
11.171
11.2605
11.3493
11.4374
11.5249
11.6116
11.6978
11.7833
11.8681
11.9524
12.036
12.1191
12.2016
12.2836
12.365
12.4459
12.5262
12.6061
12.6854
12.7642
12.8426
12.9204
12.9978
13.0748
13.1512
13.2273
13.3029
13.3781
13.4528
13.5271
13.6011
13.6746
13.7477
13.8205
13.8928
13.9648
14.0364
14.1076
14.1785
14.2491
14.3192
14.3891
14.4586
14.5277
14.5966
14.6651
14.7333
14.8011
14.8687
14.936
15.0029
15.0696
15.1359
15.202
15.2678
15.3333
15.3985
15.4634
15.5281
15.5925
15.6566
15.7205
15.7841
15.8475
15.9106
1.59106
2.59106
3.59106
4.59106
5.59106
6.59106
7.59106
8.59106
8.70746
8.8223
8.93565
9.04756
9.15809
9.26728
9.37519
9.48185
9.58732
9.69162
9.7948
9.8969
9.99794
10.098
10.197
10.2951
10.3922
10.4884
10.5838
10.6782
10.7719
10.8647
10.9568
11.048
11.1386
11.2283
11.3174
11.4058
11.4934
11.5804
11.6668
11.7525
11.8376
11.9221
12.0059
12.0892
12.172
12.2541
12.3357
12.4168
12.4973
12.5773
12.6568
12.7358
12.8144
12.8924
12.97
1.297
2.297
3.297
4.297
5.297
6.297
7.297
7.43404
7.56856
7.70068
7.83054
7.95825
8.0839
8.2076
8.32944
8.4495
8.56785
8.68456
8.79971
8.91335
9.02554
9.13634
9.24579
9.35395
9.46086
9.56655
9.67109
9.77449
9.87679
9.97804
10.0783
10.1775
10.2757
10.3731
10.4695
1.04695
2.04695
3.04695
4.04695
5.04695
6.04695
6.21232
6.37329
6.53019
6.68333
6.83295
6.9793
7.12259
1
2
3
4
4.25
4.48529
4.70824
4.92064
5.12386
5.31903
5.50703
5.68862
5.86441
6.03493
6.20063
6.36191
6.51909
6.67249
6.82236
6.96893
7.11243
7.25303
7.3909
7.5262
7.65907
7.78963
7.91801
8.0443
8.16862
8.29104
8.41165
8.53053
8.64776
8.76339
8.8775
8.99015
9.10138
9.21125
9.31982
9.42712
9.53319
9.63809
9.74184
9.84449
9.94607
10.0466
10.1462
10.2447
10.3423
10.439
10.5348
10.6297
10.7238
10.8171
10.9095
11.0012
11.0921
11.1822
11.2716
11.3604
11.4484
11.5357
11.6224
11.7085
11.7939
11.8787
11.9629
12.0464
12.1295
12.2119
12.2938
12.3751
12.4559
12.5362
12.616
12.6953
12.774
12.8523
12.9301
13.0075
13.0843
13.1608
13.2367
13.3123
13.3874
13.4621
13.5364
13.6103
13.6837
13.7568
13.8295
13.9018
13.9737
14.0453
14.1165
14.1873
14.2578
14.328
14.3978
14.4672
14.5363
14.6051
14.6736
14.7418
14.8096
14.8771
14.9443
15.0112
15.0779
15.1442
15.2102
15.276
15.3414
15.4066
15.4715
15.5361
15.6005
15.6646
15.7285
15.792
15.8554
15.9184
15.9812
16.0438
16.1061
16.1682
16.2301
16.2917
16.3531
16.4142
16.4752
16.5359
16.5963
16.6566
16.7166
16.7764
16.836
16.8954
16.9546
17.0136
17.0724
17.131
17.1893
17.2475
17.3055
17.3633
17.4209
17.4783
17.5355
17.5925
17.6494
17.706
17.7625
17.8188
17.8749
17.9309
17.9866
18.0422
18.0976
18.1529
18.208
18.2629
18.3177
18.3723
18.4267
18.481
18.5351
18.589
18.6428
18.6965
18.7499
18.8033
18.8565
1.88565
2.88565
3.88565
4.88565
5.88565
6.88565
7.88565
8.88565
9.88565
9.9868
10.0869
10.1861
10.2842
10.3815
10.4778
10.5732
10.6678
10.7616
10.8545
10.9466
11.038
11.1286
11.2184
11.3076
11.396
11.4837
11.5708
11.6573
11.743
11.8282
11.9127
11.9967
12.08
12.1628
12.245
12.3267
12.4078
12.4884
12.5685
12.6481
12.7271
12.8057
12.8838
12.9614
13.0386
13.1153
13.1915
13.2673
13.3427
13.4176
13.4922
13.5663
13.64
13.7133
13.7862
13.8588
13.9309
14.0027
14.0741
14.1452
14.2159
14.2862
14.3562
14.4259
14.4952
14.5642
14.6328
14.7012
14.7692
14.8369
14.9043
14.9714
15.0382
15.1047
15.1709
15.2368
15.3024
15.3678
15.4329
15.4976
15.5622
15.6264
15.6904
15.7542
15.8176
15.8809
15.9438
16.0065
16.069
16.1313
16.1932
16.255
16.3165
16.3778
16.4389
16.4997
16.5603
16.6207
16.6809
16.7408
16.8005
16.8601
16.9194
16.9785
17.0374
17.0961
17.1546
17.2129
17.2709
17.3288
17.3866
17.4441
17.5014
17.5585
17.6155
17.6723
17.7288
17.7852
17.8415
17.8975
17.9534
18.0091
18.0646
18.12
18.1752
18.2302
18.285
18.3397
18.3943
18.4486
18.5028
18.5569
18.6108
18.6645
18.7181
18.7715
18.8248
18.8779
18.9309
18.9837
19.0364
19.0889
19.1413
19.1935
19.2456
19.2976
19.3494
19.4011
19.4526
19.504
19.5553
19.6064
19.6574
19.7083
19.7591
19.8097
19.8601
19.9105
19.9607
20.0108
20.0608
2.00608
3.00608
4.00608
5.00608
6.00608
7.00608
8.00608
9.00608
10.0061
11.0061
11.0969
11.1871
11.2764
11.3651
11.4531
11.5404
11.6271
11.7131
11.7985
11.8832
11.9674
12.0509
12.1339
12.2163
12.2982
12.3795
12.4603
12.5405
12.6203
12.6995
12.7782
12.8565
12.9343
13.0116
13.0885
13.1649
13.2408
13.3163
13.3914
13.4661
13.5404
13.6142
13.6877
13.7607
13.8334
13.9057
13.9776
14.0492
14.1203
14.1912
14.2616
14.3317
14.4015
14.4709
14.5401
14.6088
14.6773
14.7454
14.8132
14.8807
14.9479
15.0148
15.0814
15.1477
15.2138
15.2795
15.3449
15.4101
15.475
15.5396
15.604
15.6681
15.7319
15.7954
15.8588
15.9218
15.9846
16.0472
16.1095
16.1716
16.2334
16.295
16.3564
16.4175
16.4784
16.5391
16.5996
16.6598
16.7198
16.7797
16.8392
16.8986
16.9578
17.0168
17.0755
17.1341
17.1925
17.2506
17.3086
17.3664
17.424
17.4814
17.5386
17.5956
17.6524
17.7091
17.7655
17.8218
17.8779
17.9339
17.9896
18.0452
18.1006
18.1559
18.2109
18.2659
18.3206
18.3752
18.4296
18.4839
18.538
18.5919
18.6457
18.6993
18.7528
18.8061
18.8593
18.9123
18.9652
19.0179
19.0705
19.123
19.1753
19.2274
19.2794
19.3313
19.383
19.4346
19.4861
19.5374
19.5886
19.6396
19.6905
19.7413
19.792
19.8425
19.8929
19.9432
19.9933
20.0433
20.0932
20.143
20.1926
20.2421
20.2916
20.3408
20.39
20.439
20.488
20.5368
20.5855
20.634
20.6825
20.7309
20.7791
20.8272
20.8752
20.9231
20.9709
21.0186
21.0662
21.1137
21.161
21.2083
21.2554
21.3025
21.3494
21.3963
21.443
21.4896
21.5362
21.5826
21.6289
2.16289
3.16289
4.16289
5.16289
6.16289
7.16289
8.16289
9.16289
10.1629
11.1629
11.2525
11.3413
11.4295
11.517
11.6038
11.69
11.7756
11.8605
11.9448
12.0285
12.1117
12.1942
12.2762
12.3577
12.4386
12.519
12.5989
12.6782
12.7571
12.8355
12.9134
12.9909
13.0678
13.1444
13.2204
13.2961
13.3713
13.4461
13.5204
13.5944
13.668
13.7411
13.8139
13.8863
13.9583
14.03
14.1012
14.1721
14.2427
14.3129
14.3828
14.4523
14.5215
14.5904
14.6589
14.7271
14.795
14.8626
14.9299
14.9969
15.0636
15.1299
15.196
15.2618
15.3274
15.3926
15.4576
15.5223
15.5867
15.6509
15.7147
15.7784
15.8418
15.9049
15.9678
16.0304
16.0928
16.1549
16.2168
16.2785
16.3399
16.4011
16.4621
16.5228
16.5833
16.6436
16.7037
16.7636
16.8232
16.8827
16.9419
17.0009
17.0598
17.1184
17.1768
17.235
17.293
17.3509
17.4085
17.4659
17.5232
17.5803
17.6371
17.6938
17.7504
17.8067
17.8629
17.9188
17.9746
18.0303
18.0857
18.141
18.1962
18.2511
18.3059
18.3605
18.415
18.4693
18.5234
18.5774
18.6313
18.6849
18.7384
18.7918
18.845
18.8981
18.951
19.0038
19.0564
19.1089
19.1612
19.2134
19.2654
19.3173
19.3691
19.4207
19.4722
19.5236
19.5748
19.6259
19.6768
19.7277
19.7784
19.8289
19.8794
19.9297
19.9798
20.0299
20.0798
20.1296
20.1793
20.2288
20.2783
20.3276
20.3768
20.4259
20.4748
20.5237
20.5724
20.621
20.6695
20.7179
20.7661
20.8143
20.8623
20.9103
20.9581
21.0058
21.0534
21.1009
21.1483
21.1956
21.2428
21.2898
21.3368
21.3837
21.4304
21.4771
21.5237
21.5701
21.6165
21.6627
21.7089
21.755
21.8009
21.8468
21.8926
21.9383
21.9838
22.0293
22.0747
22.12
22.1652
22.2104
22.2554
22.3003
22.3451
22.3899
22.4346
22.4791
22.5236
22.568
22.6123
22.6566
22.7007
22.7447
22.7887
22.8326
22.8764
22.9201
22.9637
23.0073
23.0507
23.0941
23.1374
23.1806
23.2238
23.2668
23.3098
23.3527
23.3955
23.4383
23.481
23.5235
23.5661
23.6085
23.6508
23.6931
23.7353
23.7775
23.8195
23.8615
23.9034
23.9452
23.987
24.0287
24.0703
24.1119
24.1533
24.1947
24.2361
24.2773
24.3185
24.3596
24.4007
24.4417
24.4826
24.5234
24.5642
24.6049
24.6456
24.6861
24.7266
24.7671
24.8075
24.8478
24.888
24.9282
24.9683
25.0084
25.0484
25.0883
25.1281
25.1679
25.2077
25.2473
25.2869
25.3265
25.366
25.4054
25.4448
25.4841
25.5233
25.5625
25.6016
25.6407
25.6797
25.7186
25.7575
25.7963
25.8351
25.8738
25.9124
25.951
25.9896
26.028
26.0665
26.1048
26.1431
26.1814
26.2196
26.2577
26.2958
26.3338
26.3718
26.4097
26.4476
26.4854
26.5231
26.5608
26.5985
26.6361
26.6736
26.7111
26.7486
26.786
26.8233
26.8606
2.68606
3.68606
4.68606
5.68606
6.68606
7.68606
8.68606
9.68606
10.6861
11.6861
12.6861
13.6861
13.7591
13.8318
13.9041
13.976
14.0476
14.1188
14.1896
14.2601
14.3302
14.4
14.4694
14.5385
14.6073
14.6758
14.7439
14.8117
14.8792
14.9465
15.0134
15.08
15.1463
15.2123
15.278
15.3435
15.4087
15.4736
15.5382
15.6025
15.6666
15.7305
15.794
15.8574
15.9204
15.9832
16.0458
16.1081
16.1702
16.232
16.2936
16.355
16.4162
16.4771
16.5378
16.5982
16.6585
16.7185
16.7783
16.8379
16.8973
16.9565
17.0155
17.0742
17.1328
17.1912
17.2493
17.3073
17.3651
17.4227
17.4801
17.5373
17.5943
17.6512
17.7078
17.7643
17.8206
17.8767
17.9326
17.9884
18.044
18.0994
18.1546
18.2097
18.2646
18.3194
18.374
18.4284
1.84284
2.84284
3.84284
4.84284
5.84284
6.84284
7.84284
8.84284
9.84284
9.94444
10.045
10.1445
10.2431
10.3407
10.4375
10.5333
10.6282
10.7223
10.8156
10.908
10.9997
11.0906
11.1808
11.2702
11.3589
11.447
11.5343
11.621
11.7071
11.7925
11.8773
11.9615
12.0451
12.1281
12.2106
12.2925
12.3738
12.4546
12.5349
12.6147
12.694
12.7727
12.851
12.9289
13.0062
13.0831
1.30831
2.30831
3.30831
4.30831
5.30831
6.30831
7.30831
7.44514
7.57946
7.71139
7.84107
7.9686
8.0941
8.21764
8.33933
8.45925
8.57746
8.69404
8.80907
8.92258
9.03466
9.14534
9.25469
9.36274
9.46955
9.57515
9.67959
9.7829
9.88512
9.98628
10.0864
10.1856
10.2837
10.381
10.4773
