k_i = 4 ,k_m = 1 ,k_n = 0.5 ,k_f= 0.1 ,p_s =  0.01 ,t = 3000
4
5
6
7
8
9
10
11
12
13
14
15
16
17
18
19
20
21
22
23
24
25
26
27
28
29
30
31
32
33
34
35
36
37
38
39
40
41
42
43
44
45
46
47
48
49
50
51
52
53
54
55
56
57
58
59
60
61
62
63
64
65
66
67
68
69
70
71
72
73
74
75
76
77
78
79
80
81
82
83
84
85
86
87
88
89
90
91
92
93
94
95
96
97
98
99
100
101
102
103
104
105
106
107
108
109
110
111
112
113
114
115
116
117
118
119
120
121
122
123
124
125
126
127
128
129
130
131
132
133
134
135
136
137
138
139
140
141
142
143
144
145
146
147
148
149
150
151
152
153
154
155
156
157
158
159
160
161
162
163
164
165
166
167
168
169
170
171
172
173
174
175
176
177
178
179
180
181
182
183
184
185
186
187
188
189
190
191
192
193
194
195
196
197
198
199
200
201
202
203
204
205
206
207
208
209
210
211
212
213
214
215
216
217
218
219
220
221
222
223
224
225
226
227
228
229
230
231
232
233
234
235
236
237
238
239
240
241
242
243
244
245
246
247
248
249
250
251
252
253
254
255
256
257
258
259
260
261
262
263
264
265
266
267
268
269
270
271
272
273
274
275
276
277
278
279
280
281
282
283
284
285
286
287
288
289
290
291
292
293
294
295
296
297
298
299
300
301
302
303
30.3
31.3
32.3
33.3
34.3
35.3
36.3
37.3
38.3
39.3
40.3
41.3
42.3
43.3
44.3
45.3
46.3
47.3
48.3
49.3
50.3
51.3
52.3
53.3
54.3
55.3
56.3
57.3
58.3
59.3
60.3
61.3
62.3
63.3
64.3
65.3
66.3
67.3
68.3
69.3
70.3
71.3
72.3
73.3
74.3
75.3
76.3
77.3
78.3
79.3
80.3
81.3
82.3
83.3
84.3
85.3
86.3
87.3
88.3
89.3
90.3
91.3
92.3
93.3
94.3
95.3
96.3
97.3
98.3
99.3
100.3
101.3
102.3
103.3
104.3
105.3
106.3
107.3
108.3
109.3
110.3
111.3
112.3
113.3
114.3
115.3
116.3
117.3
118.3
119.3
120.3
121.3
122.3
123.3
124.3
125.3
126.3
127.3
128.3
129.3
130.3
131.3
132.3
133.3
134.3
135.3
136.3
137.3
138.3
139.3
140.3
141.3
142.3
14.23
15.23
16.23
17.23
18.23
19.23
20.23
21.23
22.23
23.23
24.23
25.23
26.23
27.23
28.23
29.23
30.23
31.23
32.23
33.23
34.23
35.23
36.23
37.23
38.23
39.23
40.23
41.23
42.23
43.23
44.23
45.23
46.23
47.23
48.23
49.23
50.23
51.23
52.23
53.23
54.23
55.23
56.23
57.23
58.23
59.23
60.23
61.23
62.23
63.23
64.23
65.23
66.23
67.23
68.23
69.23
70.23
71.23
71.237
71.244
71.2511
71.2581
71.2651
71.2721
71.2791
71.2861
71.2932
71.3002
71.3072
71.3142
71.3212
71.3282
71.3352
71.3422
71.3492
71.3562
71.3633
71.3703
71.3773
71.3843
71.3913
71.3983
71.4053
71.4123
71.4193
71.4263
71.4333
71.4403
71.4473
71.4543
71.4613
71.4683
71.4753
71.4823
71.4893
71.4963
71.5033
71.5102
71.5172
71.5242
71.5312
71.5382
71.5452
71.5522
71.5592
71.5662
71.5731
71.5801
71.5871
71.5941
71.6011
71.6081
71.6151
71.622
71.629
71.636
7.1636
8.1636
9.1636
10.1636
11.1636
12.1636
13.1636
14.1636
15.1636
16.1636
17.1636
18.1636
19.1636
20.1636
21.1636
22.1636
23.1636
24.1636
25.1636
26.1636
27.1636
28.1636
29.1636
30.1636
31.1636
32.1636
33.1636
34.1636
35.1636
36.1636
36.1774
36.1912
36.2051
36.2189
36.2327
36.2465
36.2603
36.2741
36.2878
36.3016
36.3154
36.3292
36.3429
36.3567
36.3704
36.3842
36.3979
36.4117
36.4254
36.4391
36.4528
36.4666
36.4803
36.494
36.5077
36.5214
36.5351
36.5488
36.5624
36.5761
36.5898
36.6034
36.6171
36.6308
36.6444
36.6581
36.6717
36.6853
36.699
36.7126
36.7262
36.7398
36.7534
36.767
36.7806
36.7942
36.8078
36.8214
36.835
36.8485
36.8621
36.8757
36.8892
36.9028
36.9163
36.9299
36.9434
36.957
36.9705
36.984
36.9975
37.011
37.0246
37.0381
37.0516
37.0651
37.0785
37.092
37.1055
37.119
37.1325
37.1459
37.1594
37.1728
37.1863
37.1997
37.2132
37.2266
37.24
37.2535
37.2669
37.2803
37.2937
37.3071
37.3205
37.3339
37.3473
37.3607
37.3741
37.3875
37.4008
37.4142
37.4276
37.4409
37.4543
37.4676
37.481
37.4943
37.5077
37.521
37.5343
37.5476
37.5609
37.5743
37.5876
37.6009
37.6142
37.6275
3.76275
4.76275
5.76275
6.76275
7.76275
8.76275
9.76275
10.7627
11.7627
12.7627
13.7627
14.7627
15.7627
16.7627
17.7627
18.7627
19.7627
19.788
19.8133
19.8385
19.8638
19.8889
19.9141
19.9392
19.9642
19.9893
20.0143
20.0393
20.0642
20.0892
20.114
20.1389
20.1637
20.1885
20.2133
20.238
20.2627
20.2874
20.3121
20.3367
20.3613
20.3858
20.4103
20.4348
20.4593
20.4838
20.5082
20.5325
20.5569
20.5812
20.6055
20.6298
20.654
20.6782
20.7024
20.7266
20.7507
20.7748
20.7988
20.8229
20.8469
20.8709
20.8948
20.9188
20.9427
20.9665
20.9904
21.0142
21.038
21.0618
21.0855
21.1092
21.1329
21.1566
21.1802
21.2038
2.12038
3.12038
4.12038
5.12038
6.12038
7.12038
8.12038
9.12038
10.1204
11.1204
11.1653
11.2101
11.2547
11.2992
11.3434
11.3875
11.4314
11.4751
11.5187
11.5621
11.6054
11.6484
11.6914
11.7341
11.7767
11.8192
11.8615
11.9037
11.9457
11.9875
12.0292
12.0708
12.1122
12.1535
12.1946
12.2356
12.2765
12.3172
12.3578
12.3983
12.4386
12.4788
12.5189
12.5588
12.5986
12.6383
12.6779
12.7173
12.7566
12.7958
12.8349
12.8739
12.9127
12.9514
12.99
13.0285
13.0669
13.1052
13.1433
13.1814
13.2193
13.2571
13.2948
13.3324
13.3699
13.4073
13.4446
13.4818
13.5189
13.5559
13.5928
13.6296
13.6662
13.7028
13.7393
13.7757
13.812
13.8482
13.8843
13.9203
13.9562
13.9921
14.0278
14.0634
14.099
14.1345
14.1698
14.2051
14.2403
14.2754
14.3105
14.3454
14.3803
14.415
14.4497
14.4843
14.5188
14.5533
14.5876
14.6219
14.6561
14.6902
14.7242
14.7582
14.7921
14.8259
14.8596
14.8933
14.9268
14.9603
14.9937
15.0271
15.0604
15.0936
15.1267
15.1598
15.1927
15.2256
15.2585
15.2913
15.3239
15.3566
15.3891
15.4216
15.454
15.4864
15.5187
15.5509
15.5831
15.6151
15.6472
15.6791
15.711
15.7428
15.7746
15.8063
15.8379
15.8695
15.901
15.9324
15.9638
15.9952
16.0264
16.0576
16.0887
16.1198
16.1508
16.1818
16.2127
16.2435
16.2743
16.305
16.3357
16.3663
16.3969
16.4274
16.4578
16.4882
16.5185
16.5488
16.579
16.6091
16.6392
16.6693
16.6993
16.7292
1.67292
2.67292
3.67292
4.67292
5.67292
6.67292
7.67292
8.67292
8.73057
8.78784
8.84474
8.90127
8.95744
9.01326
9.06874
9.12387
9.17867
9.23315
9.2873
9.34114
9.39466
9.44788
9.50081
9.55343
9.60577
9.65782
9.70959
9.76109
9.81231
9.86327
9.91396
9.9644
10.0146
10.0645
10.1142
10.1636
10.2128
10.2618
10.3105
10.359
10.4073
10.4553
10.5031
10.5507
10.5981
10.6453
10.6923
10.739
10.7856
10.8319
10.8781
10.9241
10.9698
11.0154
11.0608
11.106
11.151
11.1959
11.2405
11.285
11.3293
11.3735
11.4174
11.4612
11.5048
11.5483
11.5916
11.6347
11.6777
11.7205
11.7632
11.8057
11.848
11.8902
11.9323
11.9742
12.0159
12.0576
12.099
12.1404
12.1815
12.2226
12.2635
12.3043
12.3449
12.3854
12.4258
12.466
12.5061
12.5461
12.586
12.6257
12.6653
12.7048
12.7441
12.7833
12.8225
12.8615
12.9003
12.9391
12.9777
13.0163
13.0547
13.093
13.1312
13.1692
13.2072
13.2451
13.2828
13.3205
13.358
1.3358
2.3358
3.3358
4.3358
5.3358
6.3358
7.3358
7.40396
7.47149
7.53841
7.60474
7.67049
7.73567
7.80031
7.86441
7.92798
7.99105
8.05362
8.11571
8.17732
8.23846
8.29915
8.3594
8.41921
8.4786
8.53757
8.59614
8.6543
8.71208
8.76947
8.82648
8.88313
8.93942
8.99535
9.05093
9.10618
9.16108
9.21566
9.26992
9.32386
9.37748
9.4308
9.48382
9.53654
9.58897
9.64111
9.69298
9.74456
9.79587
9.84691
9.89769
9.94821
9.99847
10.0485
10.0982
10.1477
10.197
10.2461
10.2949
10.3434
10.3918
10.4399
10.4878
10.5354
10.5829
10.6301
10.6772
10.724
10.7706
10.8171
10.8633
10.9093
10.9551
11.0008
11.0462
11.0915
11.1366
11.1815
11.2262
11.2707
11.3151
11.3593
11.4033
11.4471
11.4908
11.5343
11.5777
11.6209
11.6639
11.7068
11.7495
11.792
11.8344
11.8767
11.9188
11.9607
12.0025
12.0442
12.0857
12.1271
12.1683
12.2094
12.2504
12.2912
12.3318
12.3724
12.4128
12.4531
12.4932
12.5333
12.5732
12.6129
12.6526
12.6921
12.7315
12.7707
12.8099
12.8489
12.8878
12.9266
12.9653
13.0039
13.0423
13.0807
13.1189
13.157
13.195
13.2329
13.2707
13.3084
13.3459
13.3834
13.4208
13.458
13.4952
1.34952
2.34952
3.34952
4.34952
5.34952
6.34952
7.34952
7.41755
7.48496
7.55176
7.61797
7.6836
7.74867
7.8132
7.8772
7.94067
8.00364
8.06611
8.1281
8.18961
8.25066
8.31127
8.37143
8.43115
8.49046
8.54935
8.60783
8.66592
1
2
3
4
5
5.1
5.19804
5.29423
5.38867
5.48146
5.57268
5.6624
5.7507
5.83765
5.9233
6.00771
6.09094
6.17303
6.25402
6.33397
6.41291
6.49088
6.56791
6.64404
6.71929
6.79371
6.8673
6.94011
7.01216
7.08346
7.15405
7.22394
7.29315
7.36171
7.42963
7.49693
7.56362
7.62973
7.69526
7.76024
7.82467
7.88857
7.95195
8.01483
8.07721
8.13912
8.20055
8.26152
8.32204
8.38212
8.44177
8.501
8.55982
8.61823
8.67625
8.73388
8.79112
8.848
8.90451
8.96066
9.01646
9.07191
9.12703
9.18181
9.23627
9.2904
9.34422
9.39773
9.45093
9.50384
9.55645
9.60877
9.66081
9.71256
9.76404
9.81525
9.86619
9.91687
9.96729
10.0175
10.0674
10.117
10.1665
10.2156
10.2646
10.3133
10.3618
10.41
10.4581
10.5059
10.5535
10.6008
10.648
10.695
10.7417
10.7883
10.8346
10.8808
10.9267
10.9725
11.018
11.0634
11.1086
11.1536
11.1984
11.2431
11.2876
11.3319
11.376
11.4199
11.4637
11.5073
11.5508
11.5941
11.6372
11.6802
11.723
11.7656
11.8081
11.8505
11.8927
11.9347
11.9766
12.0183
12.0599
12.1014
12.1427
12.1839
12.2249
12.2658
12.3066
12.3472
1.23472
2.23472
3.23472
1
2
2.25
2.47222
2.67447
2.86142
3.03616
3.20084
3.35705
3.50599
3.6486
3.78564
3.91772
4.04535
4.16895
4.28888
4.40546
4.51896
4.6296
4.7376
4.84314
4.94638
5.04746
5.14652
5.24368
5.33903
5.43268
5.52471
5.61522
5.70426
1
2
3
3.16667
3.32456
3.47496
3.61884
3.75701
3.89009
4.01863
4.14305
4.26373
4.381
4.49513
4.60636
4.71491
4.82095
4.92467
5.0262
5.12567
5.22322
5.31895
5.41295
5.50532
5.59614
5.68549
5.77343
5.86004
5.94536
6.02946
6.11239
6.19419
6.27491
6.35459
6.43328
6.511
6.58779
6.66369
6.73872
6.81292
6.88631
6.95892
7.03077
7.10188
7.17229
7.242
7.31104
7.37943
7.44719
7.51433
7.58087
7.64682
7.71221
7.77704
7.84133
7.9051
7.96835
8.0311
8.09335
8.15513
8.21644
8.2773
8.3377
8.39767
8.45721
8.51633
8.57504
8.63335
8.69127
8.7488
8.80595
8.86273
8.91914
8.9752
9.03091
9.08628
9.1413
9.196
1
2
3
4
5
5.1
5.19804
5.29423
5.38867
5.48146
5.57268
5.6624
5.7507
5.83765
5.9233
1
2
3
3.16667
3.32456
3.47496
3.61884
3.75701
3.89009
4.01863
4.14305
4.26373
4.381
4.49513
4.60636
4.71491
4.82095
4.92467
5.0262
5.12567
5.22322
5.31895
5.41295
5.50532
5.59614
5.68549
5.77343
5.86004
5.94536
6.02946
6.11239
6.19419
6.27491
6.35459
6.43328
6.511
6.58779
6.66369
6.73872
6.81292
6.88631
6.95892
7.03077
7.10188
7.17229
7.242
7.31104
7.37943
7.44719
7.51433
7.58087
7.64682
7.71221
7.77704
7.84133
7.9051
7.96835
8.0311
8.09335
8.15513
8.21644
8.2773
8.3377
8.39767
8.45721
8.51633
8.57504
8.63335
8.69127
8.7488
8.80595
8.86273
8.91914
8.9752
9.03091
9.08628
9.1413
9.196
9.25037
9.30442
9.35816
9.41159
9.46472
9.51755
9.57008
9.62233
9.67429
9.72597
9.77738
9.82852
9.87939
9.93
9.98035
10.0305
10.0803
10.1299
10.1793
10.2284
10.2773
10.3259
10.3743
10.4225
10.4705
10.5183
10.5658
10.6131
10.6602
10.7071
10.7538
10.8003
10.8466
10.8927
10.9386
10.9843
11.0299
11.0752
11.1203
11.1653
11.2101
11.2547
11.2991
11.3434
11.3874
11.4313
11.4751
11.5187
11.5621
11.6053
11.6484
11.6913
11.7341
11.7767
11.8191
11.8615
11.9036
11.9456
11.9875
12.0292
12.0707
12.1122
12.1534
12.1946
12.2356
12.2765
12.3172
12.3578
12.3982
12.4386
12.4788
12.5188
12.5588
12.5986
12.6383
12.6778
12.7173
12.7566
12.7958
12.8349
12.8738
12.9127
12.9514
12.99
13.0285
13.0668
13.1051
13.1433
13.1813
13.2192
13.2571
13.2948
13.3324
13.3699
13.4073
13.4446
13.4818
13.5189
13.5558
13.5927
13.6295
13.6662
13.7028
13.7393
13.7757
13.812
13.8482
13.8843
13.9203
13.9562
13.992
14.0278
14.0634
14.099
14.1344
14.1698
14.2051
14.2403
14.2754
14.3104
14.3454
14.3802
14.415
14.4497
14.4843
14.5188
14.5532
14.5876
14.6219
14.6561
14.6902
14.7242
14.7582
14.792
14.8258
14.8596
14.8932
14.9268
14.9603
14.9937
15.0271
15.0603
15.0935
15.1267
15.1597
1.51597
2.51597
3.51597
4.51597
5.51597
6.51597
7.51597
8.51597
8.57468
8.633
8.69091
8.74844
8.8056
8.86238
8.9188
8.97486
9.03057
9.08594
9.14097
9.19567
9.25004
9.30409
9.35783
9.41126
9.46439
9.51722
9.56976
9.62201
9.67397
9.72566
9.77707
9.82821
9.87908
9.92969
9.98005
10.0301
10.08
10.1296
10.179
10.2281
10.277
10.3256
10.374
10.4222
10.4702
10.518
10.5655
10.6128
10.6599
10.7068
10.7535
10.8
10.8463
10.8924
10.9383
10.9841
11.0296
11.0749
11.1201
11.165
11.2098
11.2544
11.2988
11.3431
11.3872
11.4311
11.4748
11.5184
11.5618
11.605
11.6481
11.691
11.7338
11.7764
11.8189
11.8612
11.9033
11.9454
11.9872
12.0289
12.0705
12.1119
12.1532
12.1943
12.2353
12.2762
12.3169
12.3575
12.398
12.4383
12.4785
12.5186
12.5585
12.5983
12.638
12.6776
12.717
12.7563
12.7955
12.8346
12.8736
12.9124
12.9511
12.9897
13.0282
13.0666
13.1049
13.143
13.1811
13.219
13.2568
13.2945
13.3322
13.3697
13.4071
13.4444
13.4815
13.5186
13.5556
13.5925
13.6293
13.666
13.7026
13.739
13.7754
13.8117
13.8479
13.884
13.9201
13.956
13.9918
14.0275
14.0632
14.0987
14.1342
14.1696
14.2049
14.2401
14.2752
14.3102
14.3451
14.38
14.4148
14.4495
14.4841
14.5186
14.553
14.5874
14.6216
14.6558
14.69
14.724
14.758
14.7918
14.8256
14.8594
14.893
14.9266
14.9601
14.9935
15.0269
15.0601
15.0933
15.1265
1.51265
2.51265
3.51265
4.51265
5.51265
6.51265
7.51265
8.51265
8.57138
8.62972
8.68765
8.74521
8.80238
8.85918
8.91562
8.9717
9.02744
9.08282
9.13787
9.19259
9.24698
9.30105
9.35481
9.40826
9.4614
9.51425
9.5668
9.61907
9.67105
9.72275
9.77417
9.82533
9.87622
9.92684
9.97721
10.0273
10.0772
10.1268
10.1762
10.2253
10.2742
10.3229
10.3713
10.4195
10.4675
10.5153
10.5628
10.6102
10.6573
10.7042
10.7509
10.7974
10.8437
10.8898
10.9358
10.9815
11.027
11.0724
11.1175
11.1625
11.2073
11.2519
11.2963
11.3406
11.3847
11.4286
11.4723
11.5159
11.5593
11.6026
11.6457
11.6886
11.7314
11.774
11.8165
1.18165
2.18165
3.18165
4.18165
5.18165
6.18165
6.26253
6.34237
6.42121
6.49908
6.57601
6.65204
6.72721
6.80153
6.87505
6.94777
7.01974
7.09097
7.16148
7.2313
7.30044
7.36893
7.43678
7.50402
7.57065
7.63669
7.70216
7.76708
7.83146
7.8953
7.95863
8.02145
8.08379
8.14564
8.20702
8.26795
8.32842
8.38846
8.44806
8.50725
8.56602
8.62439
8.68236
8.73995
8.79716
8.854
8.91047
8.96658
9.02235
9.07776
9.13284
9.18759
9.24201
9.29611
9.3499
1
2
3
4
5
5.1
5.19804
5.29423
5.38867
5.48146
5.57268
5.6624
5.7507
5.83765
5.9233
6.00771
6.09094
6.17303
6.25402
6.33397
6.41291
6.49088
6.56791
6.64404
6.71929
6.79371
6.8673
6.94011
7.01216
7.08346
7.15405
7.22394
7.29315
7.36171
7.42963
1
2
3
4
4.125
4.24621
4.36396
4.47854
4.59018
4.69911
4.80551
4.90956
5.0114
1
2
3
3.16667
3.32456
3.47496
3.61884
3.75701
3.89009
4.01863
4.14305
4.26373
4.381
4.49513
4.60636
4.71491
4.82095
4.92467
5.0262
5.12567
5.22322
5.31895
5.41295
5.50532
5.59614
5.68549
5.77343
5.86004
5.94536
6.02946
6.11239
6.19419
6.27491
6.35459
6.43328
6.511
6.58779
6.66369
6.73872
6.81292
6.88631
6.95892
7.03077
7.10188
7.17229
7.242
7.31104
7.37943
7.44719
7.51433
7.58087
7.64682
7.71221
7.77704
7.84133
7.9051
7.96835
8.0311
8.09335
8.15513
8.21644
8.2773
8.3377
8.39767
8.45721
8.51633
8.57504
8.63335
8.69127
8.7488
8.80595
8.86273
8.91914
8.9752
9.03091
9.08628
9.1413
9.196
9.25037
9.30442
9.35816
9.41159
9.46472
9.51755
9.57008
9.62233
9.67429
9.72597
9.77738
9.82852
9.87939
9.93
9.98035
10.0305
10.0803
10.1299
10.1793
10.2284
10.2773
10.3259
10.3743
10.4225
10.4705
10.5183
10.5658
10.6131
10.6602
10.7071
10.7538
10.8003
10.8466
10.8927
10.9386
10.9843
11.0299
11.0752
11.1203
11.1653
11.2101
11.2547
11.2991
11.3434
11.3874
11.4313
11.4751
11.5187
11.5621
11.6053
11.6484
11.6913
11.7341
11.7767
11.8191
11.8615
11.9036
11.9456
11.9875
12.0292
12.0707
12.1122
12.1534
12.1946
12.2356
12.2765
12.3172
12.3578
12.3982
12.4386
12.4788
12.5188
12.5588
12.5986
12.6383
12.6778
12.7173
12.7566
12.7958
12.8349
12.8738
12.9127
12.9514
12.99
13.0285
13.0668
13.1051
13.1433
13.1813
13.2192
13.2571
13.2948
13.3324
13.3699
13.4073
1.34073
2.34073
3.34073
4.34073
5.34073
6.34073
7.34073
7.40884
7.47633
7.54321
7.60949
7.6752
7.74034
7.80494
7.869
7.93254
7.99557
8.05811
8.12016
8.18173
8.24285
8.3035
8.36372
8.4235
8.48286
8.5418
8.60034
8.65847
8.71622
8.77359
8.83057
8.8872
8.94346
8.99936
9.05492
9.11014
9.16503
9.21958
9.27381
9.32773
9.38133
9.43463
9.48763
9.54033
9.59274
9.64486
9.6967
9.74826
9.79955
9.85058
9.90134
9.95183
10.0021
10.0521
10.1018
10.1513
10.2006
10.2496
10.2984
10.3469
10.3952
10.4433
10.4912
10.5389
10.5863
10.6335
10.6806
10.7274
10.774
10.8204
10.8666
10.9126
10.9584
11.0041
11.0495
11.0947
11.1398
11.1847
11.2294
11.2739
11.3183
11.3625
11.4065
11.4503
11.494
11.5375
11.5808
11.624
11.667
11.7098
11.7525
11.7951
11.8375
11.8797
11.9218
11.9637
12.0055
12.0472
12.0887
12.1301
12.1713
12.2124
12.2533
12.2941
12.3348
12.3753
12.4157
12.456
12.4961
12.5361
12.576
12.6158
12.6554
12.6949
12.7343
12.7736
12.8127
12.8517
12.8906
12.9294
12.9681
13.0067
13.0451
13.0834
13.1216
13.1597
13.1977
13.2356
13.2734
13.3111
13.3486
13.3861
13.4234
13.4607
13.4978
13.5349
13.5718
13.6087
13.6454
13.682
13.7186
13.755
13.7914
13.8276
13.8638
13.8999
13.9358
13.9717
14.0075
14.0432
14.0788
14.1143
14.1497
14.1851
14.2203
14.2555
14.2906
14.3256
14.3605
14.3953
14.43
1.443
2.443
3.443
4.443
5.443
6.443
7.443
7.51018
7.57675
7.64275
7.70817
7.77303
7.83736
7.90116
7.96444
8.02722
8.0895
8.15131
8.21265
8.27353
8.33397
8.39396
8.45353
8.51268
8.57141
8.62975
8.68769
8.74524
8.80241
8.85921
8.91565
8.97173
9.02746
9.08285
9.1379
9.19262
9.24701
9.30108
9.35484
9.40829
9.46143
9.51428
9.56683
9.61909
9.67107
9.72277
9.7742
9.82535
9.87624
9.92687
9.97724
10.0274
10.0772
10.1268
10.1762
10.2253
10.2742
10.3229
10.3713
10.4195
10.4675
10.5153
10.5629
10.6102
10.6573
10.7042
10.7509
10.7974
10.8438
10.8899
10.9358
10.9815
11.027
11.0724
11.1175
11.1625
11.2073
11.2519
11.2963
11.3406
11.3847
11.4286
11.4724
11.516
11.5594
11.6026
11.6457
11.6887
11.7314
11.774
11.8165
11.8588
11.901
11.943
11.9849
12.0266
12.0682
12.1096
12.1509
12.192
12.233
12.2739
12.3147
12.3553
12.3957
12.4361
12.4763
12.5163
12.5563
12.5961
12.6358
12.6754
12.7148
12.7541
12.7934
12.8324
12.8714
12.9102
12.949
12.9876
13.0261
13.0645
13.1027
13.1409
13.1789
13.2169
13.2547
13.2924
13.3301
13.3676
13.405
13.4423
13.4795
13.5166
13.5536
13.5904
13.6272
13.6639
13.7005
13.737
13.7734
13.8097
13.8459
13.882
13.918
13.954
13.9898
14.0255
14.0612
14.0968
14.1322
14.1676
14.2029
14.2381
14.2732
14.3082
14.3432
14.378
14.4128
14.4475
14.4821
14.5166
14.5511
14.5855
14.6197
14.6539
14.6881
14.7221
14.7561
14.7899
14.8238
14.8575
14.8911
14.9247
14.9582
14.9916
15.025
15.0583
15.0915
15.1246
15.1577
15.1906
15.2236
1.52236
2.52236
3.52236
4.52236
5.52236
6.52236
7.52236
8.52236
8.58103
8.63929
8.69717
8.75466
8.81177
8.86851
8.92489
8.98092
9.03659
9.09192
9.14691
9.20158
9.25592
9.30994
9.36364
9.41704
9.47013
9.52293
9.57544
9.62765
9.67959
9.73124
9.78262
9.83373
9.88458
9.93516
9.98549
10.0356
10.0854
10.135
10.1843
10.2334
10.2823
10.3309
10.3793
10.4275
10.4754
10.5231
10.5706
10.6179
10.665
10.7119
10.7586
10.8051
10.8513
10.8974
10.9433
10.989
11.0345
11.0798
11.1249
11.1699
11.2146
11.2592
11.3036
11.3479
11.3919
11.4358
11.4795
11.5231
11.5665
11.6097
11.6528
11.6957
11.7384
11.781
11.8235
11.8658
11.9079
11.9499
11.9917
12.0334
12.075
12.1164
12.1577
12.1988
12.2398
12.2806
12.3213
12.3619
12.4024
12.4427
12.4829
12.5229
12.5628
12.6026
12.6423
12.6819
12.7213
12.7606
12.7998
12.8388
12.8778
12.9166
12.9553
12.9939
13.0324
13.0708
13.109
13.1472
13.1852
13.2231
13.2609
13.2986
13.3362
13.3737
13.4111
13.4484
13.4856
13.5226
13.5596
13.5965
13.6333
13.6699
13.7065
13.743
13.7794
13.8157
13.8519
13.888
13.924
13.9599
13.9957
14.0314
14.067
14.1026
14.138
14.1734
14.2087
14.2439
14.279
14.314
14.3489
14.3838
14.4185
14.4532
14.4878
14.5223
14.5567
14.5911
14.6254
14.6595
14.6937
14.7277
14.7616
14.7955
14.8293
14.863
14.8967
14.9302
14.9637
14.9971
15.0305
15.0637
15.0969
15.13
15.1631
15.1961
15.229
15.2618
15.2946
15.3273
15.3599
15.3924
15.4249
15.4573
15.4897
15.522
15.5542
15.5863
15.6184
15.6504
15.6823
15.7142
15.7461
15.7778
15.8095
15.8411
15.8727
15.9042
15.9356
15.967
15.9983
16.0296
16.0608
16.0919
16.123
16.154
16.1849
16.2158
16.2467
16.2774
16.3081
16.3388
16.3694
16.4
16.4304
16.4609
16.4912
16.5216
16.5518
16.582
16.6122
16.6423
16.6723
16.7023
16.7323
16.7621
16.792
16.8217
16.8515
16.8811
16.9108
16.9403
16.9698
16.9993
17.0287
17.0581
17.0874
17.1167
17.1459
17.175
17.2041
17.2332
17.2622
17.2912
17.3201
17.349
17.3778
17.4066
17.4353
17.464
17.4926
17.5212
17.5497
17.5782
17.6066
17.635
17.6634
17.6917
17.72
17.7482
17.7764
17.8045
17.8326
17.8606
17.8886
17.9165
17.9445
17.9723
18.0001
18.0279
18.0557
18.0833
18.111
18.1386
18.1662
18.1937
18.2212
18.2486
18.276
18.3034
18.3307
18.358
18.3852
18.4124
18.4396
18.4667
18.4937
18.5208
18.5478
18.5747
18.6017
18.6285
18.6554
18.6822
18.7089
18.7357
18.7624
18.789
18.8156
18.8422
18.8687
18.8952
18.9217
18.9481
18.9745
19.0008
19.0272
19.0534
19.0797
19.1059
19.1321
19.1582
19.1843
19.2104
19.2364
19.2624
19.2883
19.3143
1.93143
2.93143
3.93143
4.93143
5.93143
6.93143
7.93143
8.93143
9.93143
9.98177
10.0319
10.0817
10.1313
10.1806
10.2298
10.2786
10.3273
10.3757
10.4239
10.4719
10.5196
10.5671
10.6144
10.6616
10.7085
10.7551
10.8016
10.8479
10.894
10.9399
10.9856
11.0311
11.0765
11.1216
11.1666
11.2113
11.2559
11.3004
11.3446
11.3887
11.4326
11.4763
11.5199
11.5633
11.6065
11.6496
11.6925
11.7353
11.7779
11.8203
11.8626
11.9048
11.9468
11.9886
12.0303
12.0719
12.1133
12.1546
12.1957
12.2367
12.2776
12.3183
12.3589
12.3994
12.4397
12.4799
12.52
12.5599
12.5997
12.6394
12.6789
12.7184
12.7577
12.7969
12.836
12.8749
12.9137
12.9525
12.9911
13.0296
13.0679
13.1062
13.1443
13.1824
13.2203
13.2581
13.2958
13.3334
1.33334
2.33334
3.33334
4.33334
5.33334
6.33334
7.33334
7.40153
7.46908
7.53602
7.60237
7.66814
7.73334
7.798
7.86212
7.92571
7.9888
8.05139
8.11349
8.17511
8.23628
8.29698
8.35725
8.41707
8.47648
8.53546
8.59404
8.65222
8.71001
8.76742
8.82445
8.88111
8.93741
8.99335
9.04895
9.1042
9.15912
9.21371
9.26798
9.32193
9.37557
9.4289
9.48192
9.53466
9.5871
9.63925
1
2
3
4
5
5.1
5.19804
5.29423
5.38867
5.48146
5.57268
5.6624
5.7507
5.83765
5.9233
6.00771
6.09094
6.17303
6.25402
6.33397
6.41291
6.49088
6.56791
6.64404
6.71929
6.79371
6.8673
6.94011
7.01216
7.08346
7.15405
7.22394
7.29315
7.36171
7.42963
