k_i = 4 ,k_m = 1 ,k_n = 1 ,k_f= 0.3 ,p_s =  0.01 ,t = 3000
4
5
6
7
8
9
10
11
12
13
14
15
16
17
18
19
20
21
22
23
24
25
26
27
28
29
30
31
32
33
34
35
36
37
38
39
40
41
42
43
44
45
46
47
48
49
50
51
52
53
54
55
56
57
58
59
60
61
62
63
64
65
66
67
68
69
70
71
72
73
74
75
76
77
78
79
80
81
82
83
84
85
86
87
88
89
90
91
92
93
94
95
96
97
98
99
100
101
102
103
104
105
106
107
108
109
110
111
112
113
114
115
116
117
118
119
120
121
122
123
124
125
126
127
128
129
130
131
132
133
134
135
136
137
138
139
140
141
142
143
144
145
146
147
148
149
150
151
152
153
154
155
156
157
158
159
160
161
162
163
164
165
166
167
168
169
170
171
172
173
174
175
176
177
178
179
180
181
182
183
184
185
186
187
188
189
190
191
192
193
194
195
196
197
198
199
200
201
202
203
204
205
206
207
208
209
210
211
212
213
214
215
216
217
218
219
220
221
222
223
224
225
226
227
228
229
230
231
232
233
234
235
236
237
238
239
240
241
242
243
244
245
246
247
248
249
250
251
252
253
254
255
256
257
258
259
260
261
262
263
264
265
266
267
268
269
270
271
272
273
274
275
276
277
278
279
280
281
282
283
284
285
286
287
288
289
290
291
292
293
294
295
296
297
298
299
300
301
302
303
90.9
91.9
92.9
93.9
94.9
95.9
96.9
97.9
98.9
99.9
100.9
101.9
102.9
103.9
104.9
105.9
106.9
107.9
108.9
109.9
110.9
111.9
112.9
113.9
114.9
115.9
116.9
117.9
118.9
119.9
120.9
121.9
122.9
123.9
124.9
125.9
126.9
127.9
128.9
129.9
130.9
131.9
132.9
133.9
134.9
135.9
136.9
137.9
138.9
139.9
140.9
141.9
142.9
143.9
144.9
145.9
146.9
147.9
148.9
149.9
150.9
151.9
151.907
151.913
151.92
151.926
151.933
151.939
151.946
151.953
151.959
151.966
151.972
151.979
151.986
151.992
151.999
152.005
152.012
152.018
152.025
152.032
152.038
152.045
152.051
152.058
152.064
152.071
152.078
152.084
152.091
152.097
152.104
152.111
152.117
152.124
152.13
152.137
152.143
152.15
152.157
152.163
152.17
152.176
152.183
152.189
152.196
152.203
152.209
152.216
152.222
152.229
152.235
45.6706
46.6706
47.6706
48.6706
49.6706
50.6706
51.6706
52.6706
53.6706
54.6706
55.6706
56.6706
57.6706
58.6706
59.6706
60.6706
61.6706
62.6706
63.6706
64.6706
65.6706
66.6706
67.6706
68.6706
69.6706
70.6706
71.6706
72.6706
73.6706
74.6706
75.6706
76.6706
76.6837
76.6967
76.7097
76.7228
76.7358
76.7488
76.7619
76.7749
76.7879
76.8009
76.814
76.827
76.84
76.853
76.866
76.879
76.892
76.905
76.9181
76.9311
76.944
76.957
76.97
76.983
76.996
77.009
77.022
77.035
77.048
77.0609
77.0739
77.0869
77.0999
77.1128
77.1258
77.1388
77.1517
77.1647
77.1777
77.1906
77.2036
77.2165
77.2295
77.2424
77.2554
77.2683
77.2812
77.2942
77.3071
77.3201
77.333
77.3459
77.3589
77.3718
77.3847
77.3976
77.4105
77.4235
77.4364
77.4493
77.4622
77.4751
77.488
77.5009
77.5138
77.5267
77.5396
77.5525
77.5654
77.5783
77.5912
77.6041
77.617
77.6299
77.6427
77.6556
77.6685
77.6814
77.6943
77.7071
77.72
77.7329
77.7457
77.7586
23.3276
24.3276
25.3276
26.3276
27.3276
28.3276
29.3276
30.3276
31.3276
32.3276
33.3276
34.3276
35.3276
36.3276
37.3276
38.3276
39.3276
39.353
39.3784
39.4038
39.4292
39.4545
39.4799
39.5052
39.5305
39.5558
39.5811
39.6064
39.6316
39.6569
39.6821
39.7073
39.7325
39.7576
39.7828
39.8079
39.833
39.8581
39.8832
39.9083
39.9334
39.9584
39.9834
40.0084
40.0334
40.0584
40.0834
40.1083
40.1333
40.1582
40.1831
40.208
40.2328
40.2577
40.2825
40.3074
40.3322
40.357
40.3817
40.4065
40.4312
40.456
40.4807
40.5054
40.5301
40.5548
40.5794
40.6041
40.6287
40.6533
40.6779
40.7025
40.7271
40.7516
40.7761
40.8007
40.8252
40.8497
40.8742
40.8986
40.9231
40.9475
40.9719
40.9963
41.0207
41.0451
41.0695
41.0938
41.1182
41.1425
41.1668
41.1911
41.2153
41.2396
41.2639
41.2881
41.3123
41.3365
41.3607
41.3849
41.4091
41.4332
41.4573
41.4815
41.5056
41.5297
41.5537
41.5778
41.6019
41.6259
41.6499
41.6739
41.6979
41.7219
41.7459
41.7698
41.7938
41.8177
41.8416
41.8655
41.8894
41.9133
41.9371
41.961
41.9848
42.0086
42.0324
42.0562
42.08
42.1038
42.1275
42.1512
42.175
42.1987
42.2224
42.2461
42.2697
42.2934
12.688
13.688
14.688
15.688
16.688
17.688
18.688
19.688
20.688
21.688
21.7341
21.7801
21.826
21.8719
21.9176
21.9632
22.0087
22.0542
22.0995
22.1448
22.1899
22.235
22.28
22.3249
22.3696
22.4143
22.459
22.5035
22.5479
22.5923
22.6365
22.6807
22.7248
22.7688
22.8127
22.8566
22.9003
22.944
22.9876
23.0311
23.0745
23.1178
23.1611
23.2043
23.2474
23.2904
23.3333
23.3762
23.4189
23.4616
23.5043
23.5468
23.5893
23.6317
23.674
23.7162
23.7584
23.8005
23.8425
23.8844
23.9263
23.9681
24.0098
24.0515
24.0931
24.1346
24.176
24.2174
24.2587
24.2999
24.341
24.3821
24.4231
24.4641
24.5049
24.5458
7.36373
8.36373
9.36373
10.3637
11.3637
12.3637
12.4446
12.525
12.6048
12.6841
12.763
12.8413
12.9192
12.9966
13.0736
13.15
13.2261
13.3017
13.3769
13.4516
13.526
13.5999
13.6734
13.7466
13.8193
13.8917
13.9637
14.0353
14.1065
14.1774
14.2479
14.3181
14.388
14.4575
14.5266
14.5955
14.664
14.7322
14.8001
14.8676
14.9349
15.0019
15.0685
15.1349
15.2009
15.2667
15.3322
15.3975
15.4624
15.5271
15.5915
15.6556
15.7195
15.7831
15.8465
15.9096
15.9724
16.035
16.0974
16.1595
16.2214
16.2831
16.3445
16.4056
16.4666
16.5273
16.5878
16.6481
16.7082
16.768
16.8277
16.8871
16.9463
17.0053
17.0641
17.1227
17.1811
17.2393
17.2973
17.3552
17.4128
17.4702
17.5275
17.5845
17.6414
17.6981
17.7546
17.8109
17.867
17.923
17.9788
18.0344
18.0899
18.1451
18.2003
18.2552
18.31
18.3646
18.419
18.4733
18.5275
18.5814
18.6353
18.6889
18.7424
18.7958
18.849
18.902
18.9549
19.0077
19.0603
19.1128
19.1651
19.2173
19.2693
19.3212
19.373
19.4246
19.4761
19.5274
19.5786
19.6297
19.6806
19.7315
19.7821
19.8327
19.8831
19.9334
19.9836
20.0336
20.0835
20.1333
20.183
20.2325
20.282
20.3313
20.3804
20.4295
20.4785
20.5273
20.576
20.6246
20.6731
20.7215
20.7697
20.8179
20.8659
20.9138
20.9616
21.0094
21.057
21.1044
21.1518
21.1991
21.2463
21.2933
21.3403
21.3872
21.4339
21.4806
21.5271
21.5736
21.6199
21.6662
21.7123
21.7584
6.52752
7.52752
8.52752
9.52752
10.5275
11.5275
11.6143
11.7004
11.7858
11.8707
11.9549
12.0386
12.1216
12.2041
12.2861
12.3675
12.4483
12.5287
12.6085
12.6878
12.7666
12.8449
12.9228
13.0002
13.0771
13.1536
13.2296
13.3052
13.3803
13.4551
13.5294
13.6033
13.6768
13.7499
13.8227
13.895
13.967
14.0386
14.1098
14.1807
14.2512
14.3214
14.3912
14.4607
14.5298
14.5987
14.6672
14.7353
14.8032
14.8707
14.938
15.0049
15.0716
15.1379
15.204
15.2698
15.3353
15.4005
15.4654
15.5301
15.5944
15.6586
15.7224
15.786
15.8494
15.9125
15.9753
16.0379
16.1003
16.1624
16.2243
16.2859
16.3473
16.4085
16.4694
16.5301
16.5906
16.6509
16.711
16.7708
16.8304
16.8898
16.949
17.008
17.0668
17.1254
17.1838
17.242
17.3
17.3578
17.4154
17.4729
17.5301
17.5871
17.644
17.7007
17.7572
17.8135
17.8696
17.9256
17.9814
18.037
18.0924
18.1477
18.2028
18.2577
18.3125
18.3671
18.4216
18.4758
18.53
5.55899
6.55899
7.55899
8.55899
9.55899
9.6636
9.76708
9.86947
9.97079
10.0711
10.1704
10.2687
10.3661
10.4626
10.5581
10.6528
10.7467
10.8398
10.932
11.0235
11.1142
11.2042
11.2934
11.382
11.4698
11.557
11.6436
11.7294
11.8147
11.8993
11.9834
12.0668
12.1497
12.232
12.3138
12.395
12.4756
12.5558
12.6354
12.7146
12.7932
12.8714
12.9491
13.0263
13.1031
13.1794
13.2553
13.3307
13.4057
13.4803
13.5545
13.6283
13.7017
13.7747
13.8472
13.9195
13.9913
14.0628
14.1339
14.2046
14.275
14.3451
14.4148
14.4842
14.5532
14.6219
14.6903
14.7584
14.8262
14.8936
14.9607
15.0276
15.0941
15.1604
15.2263
15.292
15.3574
15.4225
15.4874
15.5519
15.6162
15.6803
15.744
15.8076
15.8708
15.9338
15.9966
16.0591
16.1214
16.1834
16.2452
16.3068
16.3681
16.4292
16.49
16.5507
16.6111
16.6713
16.7313
16.7911
16.8506
16.91
16.9691
17.028
17.0867
17.1453
17.2036
17.2617
17.3197
17.3774
17.4349
17.4923
17.5495
17.6064
17.6632
17.7199
17.7763
17.8325
17.8886
17.9445
18.0003
18.0558
18.1112
18.1664
18.2215
18.2763
18.331
18.3856
18.44
18.4942
18.5483
18.6022
18.656
18.7096
18.763
5.6289
6.6289
7.6289
8.6289
9.6289
9.73276
9.8355
9.93718
10.0378
10.1374
10.2361
10.3338
10.4305
10.5264
10.6214
10.7156
10.8089
10.9014
10.9931
11.0841
11.1743
11.2638
11.3526
11.4407
11.5281
11.6148
11.7009
11.7864
3.53592
4.53592
5.53592
6.53592
6.68892
6.83842
6.98465
7.12782
7.26812
7.4057
7.54073
7.67335
7.80367
7.93181
8.05789
8.18199
8.30421
8.42463
8.54333
8.66038
8.77585
8.8898
9.00229
9.11337
9.2231
9.33152
9.43869
9.54463
9.6494
9.75304
9.85557
9.95703
10.0575
10.1569
10.2553
10.3529
10.4495
10.5452
10.64
10.734
10.8271
10.9195
11.0111
11.1019
11.192
11.2813
11.37
11.4579
11.5452
11.6318
11.7178
11.8031
11.8878
11.972
12.0555
12.1384
12.2208
12.3026
12.3839
12.4647
12.5449
12.6246
12.7038
12.7825
12.8608
12.9385
13.0158
13.0926
13.169
13.245
13.3205
13.3955
13.4702
13.5444
13.6183
13.6917
13.7647
13.8374
13.9096
13.9815
14.0531
14.1242
14.195
14.2655
14.3356
14.4053
14.4747
14.5438
14.6126
14.681
14.7491
14.8169
14.8844
14.9516
15.0185
15.0851
15.1514
15.2174
15.2831
15.3485
15.4137
15.4785
15.5431
15.6075
15.6716
15.7354
15.7989
15.8622
15.9253
15.988
16.0506
16.1129
16.175
16.2368
16.2984
16.3597
16.4209
16.4818
16.5424
16.6029
16.6631
16.7231
16.7829
16.8425
16.9019
16.961
17.02
17.0788
17.1373
17.1957
17.2538
17.3118
5.19353
6.19353
7.19353
2.15806
3.15806
4.15806
4.39856
4.6259
4.84208
5.0486
5.24667
5.43727
5.62119
5.79909
5.97153
6.13899
6.30188
6.46056
6.61535
6.76651
6.9143
7.05893
7.20059
7.33947
7.47572
7.60949
7.7409
7.87008
7.99715
8.12219
8.24531
8.36659
8.48612
2.54583
3.54583
4.54583
4.76582
4.97564
5.17662
5.3698
5.55603
5.73601
5.91035
6.07954
6.24403
6.40418
6.56033
6.71276
6.86173
7.00747
7.15017
7.29003
7.4272
7.56184
7.69409
7.82406
7.95187
8.07762
8.20142
8.32335
8.4435
8.56193
8.67873
8.79395
8.90766
9.01993
9.13079
9.24031
9.34853
9.4555
9.56126
9.66585
9.76931
9.87167
9.97297
10.0732
10.1725
10.2708
10.3682
10.4646
10.5602
10.6549
10.7487
10.8418
10.934
11.0255
11.1162
11.2061
11.2954
11.3839
11.4717
11.5589
11.6454
11.7313
11.8165
11.9012
11.9852
12.0686
12.1515
12.2338
12.3155
12.3967
12.4774
12.5575
12.6372
12.7163
12.7949
12.8731
12.9508
13.028
13.1047
3.93142
4.93142
5.93142
6.93142
7.07569
7.21702
7.35558
7.49153
7.62502
7.75617
7.8851
8.01192
8.13673
8.25963
8.3807
2.51421
3.51421
4.51421
4.73573
4.94689
5.14904
5.34325
5.5304
5.71122
5.88632
6.0562
6.22132
6.38206
6.53875
6.69168
6.84112
6.9873
7.13041
7.27066
7.4082
7.54318
7.67575
7.80603
7.93414
8.06018
8.18424
8.30643
8.42682
8.54549
8.66251
8.77795
8.89187
9.00433
9.11539
9.22509
9.33349
9.44064
9.54656
9.65131
9.75492
9.85744
9.95888
10.0593
10.1587
10.2571
10.3546
10.4512
10.5469
10.6417
10.7357
10.8288
10.9212
11.0127
11.1035
11.1936
11.2829
11.3716
11.4595
11.5468
11.6334
11.7193
11.8047
11.8894
11.9735
12.057
12.1399
12.2223
12.3041
12.3854
12.4661
12.5464
12.6261
12.7053
12.784
12.8622
12.9399
13.0172
13.094
13.1704
13.2463
13.3218
13.3969
13.4715
13.5458
13.6196
13.693
13.7661
13.8387
13.911
13.9828
14.0544
14.1255
14.1963
14.2667
14.3368
14.4066
14.476
14.5451
14.6138
14.6823
14.7504
14.8182
14.8857
14.9528
15.0197
15.0863
15.1526
15.2186
15.2843
15.3497
15.4149
15.4797
15.5443
15.6087
15.6727
15.7365
15.8001
15.8634
15.9264
15.9892
16.0517
16.114
16.1761
16.2379
16.2995
16.3608
16.422
16.4829
16.5435
16.604
16.6642
16.7242
16.784
16.8436
16.903
16.9621
17.0211
17.0798
17.1384
17.1967
17.2549
17.3128
17.3706
17.4282
17.4855
17.5427
17.5997
17.6565
17.7132
17.7696
17.8259
17.882
17.9379
17.9937
18.0493
18.1047
18.1599
18.215
18.2699
18.3246
18.3792
18.4336
18.4878
18.5419
18.5958
18.6496
18.7032
18.7567
18.81
18.8632
18.9162
18.9691
19.0218
19.0744
19.1268
19.1791
19.2312
19.2832
19.3351
19.3868
19.4384
19.4898
19.5411
19.5923
19.6433
19.6942
19.745
19.7957
19.8462
19.8966
19.9468
19.997
20.047
20.0968
20.1466
20.1962
20.2458
20.2952
20.3444
20.3936
20.4426
20.4915
20.5403
20.589
20.6376
20.686
20.7344
20.7826
20.8307
20.8787
20.9266
20.9744
21.0221
21.0697
21.1171
21.1645
21.2117
21.2589
21.3059
21.3528
21.3997
21.4464
21.493
6.44791
7.44791
8.44791
9.44791
10.4479
11.4479
11.5353
11.622
11.708
11.7934
11.8782
11.9624
12.046
12.129
12.2114
12.2933
12.3747
12.4555
12.5358
12.6156
12.6948
12.7736
12.8519
12.9297
13.007
13.0839
13.1603
13.2363
13.3119
13.387
13.4617
13.536
13.6099
13.6833
13.7564
13.8291
13.9014
13.9734
14.0449
14.1161
14.187
14.2574
14.3276
14.3974
14.4668
14.536
14.6048
14.6732
14.7414
14.8092
14.8767
14.944
15.0109
15.0775
15.1438
15.2099
15.2756
15.3411
15.4062
15.4712
15.5358
15.6002
15.6643
15.7281
15.7917
15.855
15.9181
15.9809
16.0435
16.1058
16.1679
16.2297
16.2914
16.3527
16.4139
16.4748
16.5355
16.596
16.6562
16.7163
16.7761
16.8357
16.8951
16.9543
17.0133
17.0721
17.1306
17.189
17.2472
17.3052
17.363
17.4206
17.478
17.5352
17.5922
17.649
17.7057
17.7622
17.8185
17.8746
17.9305
17.9863
18.0419
18.0973
18.1526
18.2077
18.2626
18.3174
18.372
18.4264
18.4807
18.5348
18.5887
18.6425
18.6962
18.7496
18.803
18.8562
18.9092
18.9621
19.0148
19.0674
19.1199
19.1722
19.2243
19.2763
19.3282
19.3799
19.4315
19.483
19.5343
19.5855
19.6366
19.6875
19.7383
19.789
19.8395
19.8899
19.9402
19.9903
20.0404
20.0903
20.14
20.1897
20.2392
20.2886
20.3379
20.3871
20.4361
20.4851
20.5339
20.5826
20.6312
20.6796
20.728
20.7762
20.8244
20.8724
20.9203
20.9681
21.0158
21.0634
21.1109
21.1582
6.34747
7.34747
8.34747
9.34747
10.3475
11.3475
11.4356
11.523
11.6098
11.696
11.7815
11.8663
11.9506
12.0343
12.1174
12.1999
12.2819
12.3633
12.4442
12.5245
12.6044
12.6837
12.7626
12.8409
12.9188
12.9962
13.0731
13.1496
13.2257
13.3013
13.3765
13.4512
13.5256
13.5995
13.673
13.7462
13.8189
13.8913
13.9633
14.0349
14.1061
14.177
14.2476
14.3178
14.3876
14.4571
14.5263
14.5951
14.6636
14.7318
14.7997
14.8673
14.9345
15.0015
15.0682
15.1345
15.2006
15.2664
15.3319
15.3971
15.4621
15.5267
15.5911
15.6553
15.7192
15.7828
15.8461
15.9092
15.9721
16.0347
16.0971
16.1592
16.2211
16.2827
16.3441
4.90324
5.90324
6.90324
7.90324
8.90324
9.01556
9.12648
9.23605
9.34432
9.45134
9.55714
9.66178
9.76528
9.86768
9.96902
10.0693
10.1686
10.267
10.3644
10.4609
10.5565
10.6512
10.7451
10.8381
10.9304
11.0219
11.1126
11.2026
11.2919
11.3804
11.4683
11.5555
11.642
11.7279
11.8132
11.8979
11.9819
12.0654
12.1482
12.2306
12.3123
12.3935
12.4742
12.5544
12.6341
12.7132
12.7919
12.87
12.9477
13.025
13.1017
13.1781
13.254
13.3294
13.4044
4.02133
5.02133
6.02133
7.02133
7.16375
7.30334
7.44027
7.57467
7.70669
7.83645
7.96406
8.08962
8.21323
8.33499
8.45497
8.57324
8.68988
8.80496
8.91853
9.03066
9.14139
9.25078
9.35888
9.46573
9.57138
9.67585
9.7792
9.88146
9.98266
10.0828
10.182
10.2802
10.3775
10.4739
10.5693
3.1708
4.1708
5.1708
6.1708
6.33286
6.49076
6.64483
6.79532
6.94248
7.08652
7.22763
7.36599
7.50175
2.25053
3.25053
4.25053
4.48579
4.70872
4.92109
5.1243
5.31944
5.50743
5.68901
5.86478
6.03529
6.20099
6.36225
6.51943
6.67282
6.82268
6.96925
7.11273
7.25333
7.3912
7.52649
7.65936
7.78991
7.91829
8.04458
8.16888
8.2913
8.41191
8.53079
8.64801
8.76364
8.87775
8.99039
9.10162
9.21149
9.32005
9.42735
9.53342
9.63832
9.74207
9.84472
9.94629
10.0468
10.1464
10.2449
10.3425
10.4392
10.535
10.6299
10.724
10.8173
10.9097
11.0014
11.0923
11.1824
11.2718
11.3606
11.4486
11.5359
11.6226
11.7087
11.7941
11.8788
11.963
12.0466
12.1296
12.2121
12.294
12.3753
12.4561
12.5364
12.6162
12.6954
12.7742
12.8525
12.9303
13.0076
13.0845
13.1609
13.2369
13.3125
13.3876
13.4623
13.5365
13.6104
13.6839
13.757
13.8297
13.902
13.9739
14.0455
14.1167
14.1875
14.258
14.3281
14.3979
14.4674
14.5365
14.6053
14.6738
14.7419
14.8097
14.8773
14.9445
15.0114
15.078
15.1443
15.2104
15.2761
15.3416
15.4067
15.4717
15.5363
15.6007
15.6648
15.7286
15.7922
15.8555
15.9186
15.9814
16.044
16.1063
16.1684
16.2302
16.2918
16.3532
16.4144
16.4753
16.536
16.5965
16.6567
16.7167
16.7766
16.8362
16.8956
16.9548
17.0137
17.0725
17.1311
17.1895
17.2476
17.3056
17.3634
17.421
17.4784
17.5356
17.5926
17.6495
17.7061
17.7626
17.8189
17.875
17.931
17.9867
18.0423
18.0978
18.153
18.2081
18.263
18.3178
18.3724
18.4268
18.4811
18.5352
18.5891
18.6429
18.6966
18.7501
18.8034
18.8566
18.9096
18.9625
5.68875
6.68875
7.68875
8.68875
9.68875
9.79196
9.89408
9.99515
10.0952
10.1943
10.2924
10.3895
10.4858
10.5811
10.6756
10.7693
10.8622
10.9542
11.0455
11.1361
11.2259
11.3149
11.4033
11.491
11.578
11.6644
11.7501
11.8352
11.9197
12.0036
12.0869
12.1697
12.2518
12.3335
12.4145
12.4951
12.5751
12.6546
12.7337
12.8122
12.8902
12.9678
13.0449
13.1216
13.1978
13.2736
13.3489
13.4238
13.4983
13.5724
13.6461
13.7194
13.7923
13.8648
13.9369
14.0086
14.08
14.151
14.2217
14.292
14.362
14.4316
14.5009
14.5699
14.6385
14.7068
14.7748
14.8425
14.9099
14.9769
15.0437
15.1102
15.1764
15.2423
15.3079
15.3732
15.4382
15.503
15.5675
15.6318
15.6957
15.7594
15.8229
15.8861
15.949
16.0117
16.0742
16.1364
16.1984
16.2601
16.3216
16.3829
16.4439
16.5047
16.5653
16.6257
16.6858
16.7458
16.8055
16.865
16.9243
16.9834
17.0423
17.1009
17.1594
17.2177
17.2758
17.3336
17.3913
17.4488
17.5061
17.5633
17.6202
17.677
17.7335
17.7899
17.8461
17.9022
17.958
18.0137
18.0692
18.1246
18.1797
18.2347
18.2896
18.3443
18.3988
18.4531
18.5073
18.5614
18.6152
18.6689
18.7225
18.7759
18.8292
18.8823
18.9353
18.9881
19.0407
19.0932
19.1456
19.1979
19.2499
19.3019
19.3537
19.4054
19.4569
19.5083
19.5596
19.6107
19.6617
19.7125
19.7633
19.8139
19.8643
19.9147
19.9649
20.015
20.0649
20.1148
20.1645
6.04935
7.04935
8.04935
9.04935
10.0493
11.0493
11.1399
11.2296
11.3187
11.407
11.4947
11.5817
11.668
11.7537
11.8388
11.9233
12.0071
12.0904
12.1731
12.2553
12.3369
12.4179
12.4985
12.5785
12.658
12.737
12.8155
12.8935
12.9711
13.0482
13.1248
13.201
13.2768
13.3521
13.427
13.5015
13.5755
13.6492
13.7224
13.7953
13.8678
13.9399
14.0117
14.083
14.154
14.2247
14.295
14.3649
14.4345
14.5038
14.5728
14.6414
14.7097
14.7777
14.8453
14.9127
14.9798
15.0465
15.113
15.1792
15.245
15.3106
15.3759
15.441
15.5057
15.5702
15.6345
15.6984
15.7621
15.8256
15.8888
15.9517
16.0144
16.0768
16.139
16.201
16.2627
16.3242
16.3855
16.4465
16.5073
16.5679
16.6282
16.6884
16.7483
16.808
16.8675
16.9268
16.9859
17.0447
17.1034
17.1619
17.2201
17.2782
17.3361
17.3938
17.4513
17.5086
17.5657
17.6226
17.6793
17.7359
17.7923
17.8485
17.9045
17.9604
18.0161
18.0716
18.1269
18.1821
18.2371
18.2919
18.3466
18.4011
18.4554
18.5096
18.5636
18.6175
18.6712
18.7248
18.7782
18.8314
18.8845
18.9375
18.9903
19.0429
19.0955
19.1478
19.2001
19.2521
19.3041
19.3559
19.4075
19.4591
19.5105
19.5617
19.6128
19.6638
19.7147
19.7654
19.816
19.8665
19.9168
19.967
20.0171
20.067
20.1169
20.1666
20.2162
20.2656
20.315
20.3642
20.4133
20.4623
20.5112
20.5599
20.6086
20.6571
20.7055
20.7538
20.802
20.85
20.898
20.9459
20.9936
21.0412
21.0888
21.1362
21.1835
21.2307
21.2778
21.3248
21.3717
21.4185
21.4652
21.5118
21.5582
21.6046
21.6509
21.6971
21.7432
21.7892
21.8351
6.55052
7.55052
8.55052
9.55052
10.5505
11.5505
11.6371
11.723
11.8083
11.893
11.9771
12.0606
12.1435
12.2259
12.3077
12.3889
12.4696
12.5498
12.6295
12.7087
12.7874
12.8656
12.9433
13.0206
13.0974
13.1737
13.2496
13.3251
13.4001
13.4748
13.549
13.6228
13.6962
13.7692
13.8418
13.9141
13.9859
14.0574
14.1286
14.1994
14.2698
14.3399
14.4096
14.479
14.5481
14.6168
14.6852
14.7533
14.8211
14.8886
14.9557
15.0226
15.0892
15.1554
15.2214
15.2871
15.3525
15.4177
15.4825
15.5471
15.6114
15.6755
15.7393
15.8028
15.8661
15.9291
15.9919
16.0544
16.1167
16.1788
16.2406
16.3022
16.3635
16.4246
16.4855
16.5461
16.6066
16.6668
16.7268
16.7866
16.8462
16.9055
16.9647
17.0236
17.0824
17.1409
17.1992
17.2574
17.3153
17.3731
17.4306
17.488
17.5452
17.6022
17.659
17.7156
17.7721
17.8283
17.8844
17.9403
17.9961
18.0517
18.1071
18.1623
18.2173
18.2722
18.327
18.3815
18.4359
18.4902
18.5442
18.5982
18.6519
18.7056
18.759
18.8123
18.8655
18.9185
18.9713
19.0241
19.0766
19.129
19.1813
19.2335
19.2854
19.3373
19.389
19.4406
19.492
19.5433
19.5945
19.6455
19.6964
19.7472
19.7978
19.8484
19.8987
19.949
19.9991
20.0491
20.099
20.1488
20.1984
20.2479
20.2973
20.3465
20.3957
20.4447
20.4936
20.5424
20.5911
20.6397
20.6881
20.7365
20.7847
20.8328
20.8808
20.9287
20.9765
21.0241
21.0717
21.1192
21.1665
21.2138
21.2609
21.3079
21.3549
21.4017
21.4484
21.495
21.5416
21.588
21.6343
21.6805
21.7267
21.7727
21.8186
21.8644
21.9102
21.9558
22.0014
22.0468
22.0922
22.1374
22.1826
22.2277
22.2727
22.3176
22.3624
22.4071
22.4517
22.4963
22.5407
22.5851
22.6294
22.6736
22.7177
22.7617
22.8056
22.8495
22.8932
22.9369
22.9805
23.024
23.0675
23.1108
23.1541
23.1973
23.2404
23.2834
23.3264
23.3692
23.412
23.4547
23.4974
23.5399
23.5824
23.6248
23.6671
23.7094
23.7516
23.7937
23.8357
23.8777
23.9195
23.9613
24.0031
24.0447
24.0863
24.1278
24.1693
24.2107
24.252
24.2932
24.3344
24.3755
24.4165
24.4574
24.4983
24.5391
24.5799
24.6206
24.6612
24.7017
24.7422
24.7826
24.823
24.8633
24.9035
24.9437
24.9837
25.0238
25.0637
25.1036
25.1435
25.1832
25.2229
25.2626
25.3022
25.3417
25.3812
25.4206
25.4599
25.4992
25.5384
25.5776
25.6166
25.6557
25.6947
25.7336
25.7724
25.8112
25.85
25.8887
25.9273
25.9659
26.0044
26.0428
26.0812
26.1196
26.1579
26.1961
26.2343
26.2724
26.3104
26.3484
26.3864
26.4243
26.4621
26.4999
26.5377
26.5754
26.613
26.6506
26.6881
26.7256
26.763
26.8003
26.8376
26.8749
26.9121
26.9493
26.9864
27.0234
27.0604
27.0974
27.1343
27.1712
8.15135
9.15135
10.1513
11.1513
12.1513
13.1513
14.1513
14.222
14.2923
14.3623
14.4319
14.5012
14.5702
14.6388
14.7071
14.7751
14.8428
14.9102
14.9772
15.044
15.1105
15.1767
15.2425
15.3081
15.3735
15.4385
15.5033
15.5678
15.632
15.696
15.7597
15.8232
15.8864
15.9493
16.012
16.0745
16.1367
16.1986
16.2604
16.3219
16.3831
16.4442
16.505
16.5656
16.6259
16.6861
16.746
16.8057
16.8652
16.9245
16.9836
17.0425
17.1012
17.1597
17.2179
17.276
17.3339
17.3916
17.4491
17.5064
17.5635
17.6205
17.6772
17.7338
17.7902
17.8464
17.9024
17.9583
18.014
18.0695
18.1248
18.18
18.235
18.2898
18.3445
18.399
18.4534
18.5076
18.5616
18.6155
18.6692
18.7227
18.7762
18.8294
18.8825
18.9355
18.9883
19.041
5.71229
6.71229
7.71229
8.71229
9.71229
9.81525
9.91713
10.018
10.1178
10.2166
10.3145
10.4115
10.5075
10.6027
10.697
10.7905
10.8831
10.975
11.0661
11.1565
11.2461
11.3351
11.4233
11.5108
11.5977
11.6839
11.7695
11.8545
11.9388
12.0226
12.1058
12.1884
12.2704
12.3519
12.4329
12.5133
12.5932
12.6726
12.7515
12.83
12.9079
12.9854
13.0624
13.1389
13.2151
13.2907
3.98722
4.98722
5.98722
6.98722
7.13034
7.27058
7.40812
7.54311
7.67568
7.80596
7.93407
8.06011
8.18418
8.30636
8.42675
8.54542
8.66244
8.77789
8.89181
9.00427
9.11533
9.22503
9.33344
9.44058
9.5465
9.65125
9.75487
9.85738
9.95883
10.0592
10.1587
10.2571
10.3546
10.4512
10.5468
