k_i = 1 ,k_m = 1.5 ,k_n = 0.5 ,k_f= 0.1 ,p_s =  0.01 ,t = 3000
1
2.5
4
5.5
7
8.5
10
11.5
13
14.5
16
17.5
19
20.5
22
23.5
25
26.5
28
29.5
31
32.5
34
35.5
37
38.5
40
41.5
43
44.5
46
47.5
49
50.5
52
53.5
55
56.5
58
59.5
61
62.5
64
65.5
67
68.5
70
71.5
73
74.5
76
77.5
79
80.5
82
83.5
85
86.5
88
89.5
91
92.5
94
95.5
97
98.5
100
101.5
103
104.5
106
107.5
109
110.5
112
113.5
115
116.5
118
119.5
121
122.5
124
125.5
127
128.5
130
131.5
133
134.5
136
137.5
139
140.5
142
143.5
145
146.5
148
149.5
151
152.5
154
155.5
157
158.5
160
161.5
163
164.5
166
167.5
169
170.5
172
173.5
175
176.5
178
179.5
181
182.5
184
185.5
187
188.5
190
191.5
193
194.5
196
197.5
199
200.5
202
203.5
205
206.5
208
209.5
211
212.5
214
215.5
217
218.5
220
221.5
223
224.5
226
227.5
229
230.5
232
233.5
235
236.5
238
239.5
241
242.5
244
245.5
247
248.5
250
251.5
253
254.5
256
257.5
259
260.5
262
263.5
265
266.5
268
269.5
271
272.5
274
275.5
277
278.5
280
281.5
283
284.5
286
287.5
289
290.5
292
293.5
295
296.5
298
299.5
301
302.5
304
305.5
307
308.5
310
311.5
313
314.5
316
317.5
319
320.5
322
323.5
325
326.5
328
329.5
331
332.5
334
335.5
337
338.5
340
341.5
343
344.5
346
347.5
349
350.5
352
353.5
355
356.5
358
359.5
361
362.5
364
365.5
367
368.5
370
371.5
373
374.5
376
377.5
379
380.5
382
383.5
385
386.5
388
389.5
391
392.5
394
395.5
397
398.5
400
401.5
403
404.5
406
407.5
409
410.5
412
413.5
415
416.5
418
419.5
421
422.5
424
425.5
427
428.5
430
431.5
433
434.5
436
437.5
439
440.5
442
443.5
445
446.5
448
449.5
44.95
46.45
47.95
49.45
50.95
52.45
53.95
55.45
56.95
58.45
59.95
61.45
62.95
64.45
65.95
67.45
68.95
70.45
71.95
73.45
74.95
76.45
77.95
79.45
80.95
82.45
83.95
85.45
86.95
88.45
89.95
91.45
92.95
94.45
95.95
97.45
98.95
100.45
101.95
103.45
104.95
106.45
107.95
109.45
110.95
112.45
113.95
115.45
116.95
118.45
119.95
121.45
122.95
124.45
125.95
127.45
128.95
130.45
131.95
133.45
134.95
136.45
137.95
139.45
140.95
142.45
143.95
145.45
146.95
148.45
149.95
151.45
152.95
154.45
155.95
157.45
158.95
160.45
161.95
163.45
164.95
166.45
167.95
169.45
170.95
172.45
173.95
175.45
176.95
178.45
179.95
181.45
182.95
184.45
185.95
187.45
188.95
190.45
191.95
193.45
194.95
196.45
197.95
199.45
200.95
202.45
203.95
205.45
206.95
208.45
209.95
211.45
212.95
21.295
22.795
24.295
25.795
27.295
28.795
30.295
31.795
33.295
34.795
36.295
37.795
39.295
40.795
42.295
43.795
45.295
46.795
48.295
49.795
51.295
52.795
54.295
55.795
57.295
58.795
60.295
61.795
63.295
64.795
66.295
67.795
69.295
70.795
72.295
73.795
75.295
76.795
78.295
79.795
81.295
82.795
84.295
85.795
87.295
88.795
90.295
91.795
93.295
94.795
96.295
97.795
99.295
100.795
102.295
103.795
105.295
106.795
106.8
106.804
106.809
106.814
106.818
106.823
106.828
106.832
106.837
106.842
106.846
106.851
106.856
106.861
106.865
106.87
106.875
106.879
106.884
106.889
106.893
106.898
106.903
106.907
106.912
106.917
106.921
106.926
106.931
106.935
106.94
106.945
106.949
106.954
106.959
106.963
106.968
106.973
106.977
106.982
106.987
106.991
106.996
107.001
107.005
107.01
107.015
107.019
107.024
107.029
107.034
107.038
107.043
107.048
107.052
107.057
107.062
107.066
10.7066
12.2066
13.7066
15.2066
16.7066
18.2066
19.7066
21.2066
22.7066
24.2066
25.7066
27.2066
28.7066
30.2066
31.7066
33.2066
34.7066
36.2066
37.7066
39.2066
40.7066
42.2066
43.7066
45.2066
46.7066
48.2066
49.7066
51.2066
52.7066
54.2066
54.2158
54.2251
54.2343
54.2435
54.2527
54.2619
54.2712
54.2804
54.2896
54.2988
54.308
54.3172
54.3264
54.3356
54.3448
54.354
54.3632
54.3724
54.3816
54.3908
54.4
54.4092
54.4184
54.4276
54.4368
54.4459
54.4551
54.4643
54.4735
54.4827
54.4918
54.501
54.5102
54.5194
54.5285
54.5377
54.5469
54.556
54.5652
54.5744
54.5835
54.5927
54.6018
54.611
54.6202
54.6293
54.6385
54.6476
54.6568
54.6659
54.6751
54.6842
54.6933
54.7025
54.7116
54.7208
54.7299
54.739
54.7482
54.7573
54.7664
54.7756
54.7847
54.7938
54.8029
54.8121
54.8212
54.8303
54.8394
54.8486
54.8577
54.8668
54.8759
54.885
54.8941
54.9032
54.9123
54.9214
54.9305
54.9396
54.9487
54.9578
54.9669
54.976
54.9851
54.9942
55.0033
55.0124
55.0215
55.0306
55.0397
55.0488
55.0578
55.0669
55.076
55.0851
55.0942
55.1032
55.1123
55.1214
55.1304
55.1395
55.1486
55.1577
55.1667
55.1758
55.1848
55.1939
5.51939
7.01939
8.51939
10.0194
11.5194
13.0194
14.5194
16.0194
17.5194
19.0194
20.5194
22.0194
23.5194
25.0194
26.5194
28.0194
28.0372
28.0551
28.0729
28.0907
28.1085
28.1263
28.1441
28.1618
28.1796
28.1973
28.2151
28.2328
28.2505
28.2682
28.2859
28.3036
28.3212
28.3389
28.3565
28.3742
28.3918
28.4094
28.427
28.4446
28.4622
28.4797
28.4973
28.5148
28.5324
28.5499
28.5674
28.5849
28.6024
28.6199
28.6373
28.6548
28.6722
28.6897
28.7071
28.7245
28.7419
28.7593
28.7767
28.7941
28.8115
28.8288
28.8462
28.8635
28.8808
28.8981
28.9154
28.9327
28.95
28.9673
28.9845
29.0018
29.019
29.0363
29.0535
29.0707
2.90707
4.40707
5.90707
7.40707
8.90707
10.4071
11.9071
13.4071
14.9071
14.9406
14.9741
15.0075
15.0408
15.074
15.1072
15.1403
15.1733
15.2063
15.2392
15.272
15.3047
15.3374
15.37
15.4025
15.435
15.4674
15.4997
15.5319
15.5641
15.5963
15.6283
15.6603
15.6922
15.7241
15.7559
15.7876
15.8193
15.8509
15.8825
15.9139
15.9454
15.9767
16.008
16.0392
16.0704
16.1015
16.1326
16.1636
16.1945
16.2254
16.2562
16.287
16.3177
16.3483
16.3789
16.4094
16.4399
16.4703
16.5007
16.531
16.5612
16.5914
16.6215
16.6516
16.6816
16.7116
16.7415
16.7714
16.8012
16.831
16.8607
16.8903
16.9199
16.9495
16.979
17.0084
17.0378
17.0672
17.0965
17.1257
17.1549
17.1841
17.2132
17.2422
17.2712
17.3002
17.3291
17.3579
17.3867
17.4155
17.4442
17.4728
17.5015
17.53
17.5585
17.587
17.6155
17.6438
17.6722
17.7005
17.7287
17.7569
17.7851
17.8132
17.8413
17.8693
17.8973
17.9252
17.9531
17.9809
18.0088
18.0365
18.0642
18.0919
18.1196
18.1472
18.1747
18.2022
18.2297
18.2571
18.2845
18.3118
18.3391
18.3664
18.3936
18.4208
18.448
18.4751
18.5021
18.5292
18.5561
18.5831
18.61
18.6369
18.6637
18.6905
18.7172
18.7439
18.7706
18.7973
18.8239
18.8504
18.8769
18.9034
18.9299
18.9563
18.9827
19.009
19.0353
19.0616
19.0878
19.114
19.1402
19.1663
19.1924
19.2184
19.2444
19.2704
19.2964
19.3223
19.3482
19.374
19.3998
19.4256
19.4513
19.477
1.9477
3.4477
4.9477
6.4477
7.9477
9.4477
10.9477
10.9934
11.0389
11.0842
11.1293
11.1742
11.2189
11.2635
11.3079
11.3521
11.3962
11.44
11.4837
11.5273
11.5706
11.6139
11.6569
11.6998
11.7425
11.7851
11.8275
11.8698
11.9119
11.9539
11.9957
12.0374
12.079
12.1204
12.1616
12.2027
12.2437
12.2845
12.3252
12.3658
12.4062
12.4465
12.4867
12.5268
12.5667
12.6065
12.6461
12.6857
12.7251
12.7644
12.8035
12.8426
12.8815
12.9203
12.959
12.9976
13.0361
13.0744
13.1127
13.1508
13.1888
13.2267
13.2646
13.3022
13.3398
13.3773
13.4147
13.452
13.4891
13.5262
13.5632
13.6
13.6368
13.6735
13.71
13.7465
13.7829
13.8191
13.8553
13.8914
13.9274
13.9633
13.9991
14.0348
14.0705
14.106
14.1414
14.1768
14.2121
14.2472
14.2823
14.3174
14.3523
14.3871
14.4219
14.4565
14.4911
14.5256
14.56
14.5944
14.6286
14.6628
14.6969
14.7309
14.7649
14.7988
14.8325
14.8663
14.8999
14.9334
14.9669
1.49669
2.99669
4.49669
5.99669
7.49669
7.56339
7.6295
7.69503
7.76001
7.82444
7.88834
7.95173
8.01461
8.07699
8.1389
8.20033
8.2613
8.32183
8.38191
8.44156
8.50079
8.55961
8.61803
8.67604
8.73367
8.79092
8.8478
8.90431
8.96046
9.01626
9.07172
9.12684
9.18162
9.23608
9.29021
9.34403
9.39754
9.45075
9.50365
9.55626
9.60859
9.66062
9.71238
9.76386
9.81507
9.86601
9.91669
9.96711
10.0173
10.0672
10.1169
10.1663
10.2155
10.2644
10.3131
10.3616
10.4099
10.4579
10.5057
10.5533
10.6007
10.6478
10.6948
10.7415
10.7881
10.8344
10.8806
10.9265
10.9723
11.0179
11.0633
11.1084
11.1535
11.1983
11.2429
11.2874
11.3317
11.3758
11.4198
11.4636
11.5072
11.5506
11.5939
11.637
11.68
11.7228
11.7655
11.808
11.8503
11.8925
11.9346
11.9764
12.0182
12.0598
12.1013
12.1426
12.1838
12.2248
12.2657
12.3065
12.3471
12.3876
12.4279
12.4682
12.5083
12.5483
12.5881
12.6278
12.6674
12.7069
12.7462
12.7855
12.8246
12.8636
12.9024
12.9412
12.9798
13.0183
13.0567
13.095
13.1332
13.1713
13.2093
13.2471
13.2848
13.3225
13.36
13.3974
13.4348
13.472
13.5091
13.5461
13.583
13.6198
13.6565
1.36565
2.86565
4.36565
5.86565
7.36565
7.43354
7.5008
7.56746
7.63353
7.69903
7.76397
7.82837
7.89225
7.9556
8.01845
8.0808
8.14268
8.20408
8.26503
8.32552
8.38558
8.44521
8.50441
8.56321
8.62159
8.67959
8.73719
8.79442
1
2.5
4
5.5
5.59091
5.68034
5.76836
5.85504
5.94044
6.02461
6.1076
6.18947
6.27025
6.34999
6.42873
6.50651
6.58335
6.6593
6.73438
6.80863
6.88207
6.95472
7.02661
7.09777
7.16822
7.23797
7.30705
7.37548
7.44327
7.51044
7.57702
7.64301
7.70842
7.77329
7.83761
7.90141
7.96469
8.02746
8.08975
8.15156
8.21289
8.27377
8.33421
8.3942
8.45376
8.51291
8.57164
8.62998
8.68791
8.74546
8.80264
8.85944
8.91588
8.97196
9.02768
9.08307
9.13812
9.19283
9.24722
9.30129
9.35505
9.4085
9.46164
9.51448
9.56704
9.6193
9.67128
9.72298
9.7744
9.82556
9.87644
9.92707
9.97744
10.0275
10.0774
10.127
10.1764
10.2255
10.2744
10.3231
10.3715
10.4197
10.4677
10.5155
10.563
10.6104
10.6575
10.7044
10.7511
10.7976
10.8439
10.89
10.936
10.9817
11.0272
11.0726
11.1177
11.1627
11.2075
11.2521
11.2965
11.3408
11.3849
11.4288
11.4725
11.5161
11.5595
11.6028
11.6459
11.6888
11.7316
11.7742
11.8167
11.859
11.9012
11.9432
11.985
12.0268
12.0683
12.1098
12.151
12.1922
12.2332
12.2741
12.3148
12.3554
12.3959
12.4362
12.4764
12.5165
12.5564
12.5963
1.25963
2.75963
4.25963
1
2.5
2.7
2.88519
3.05848
3.22196
3.37715
3.5252
3.66704
3.80339
3.93485
4.06192
4.18501
4.30449
4.42065
4.53375
4.64404
4.7517
4.85693
4.95987
5.06068
5.15948
5.25639
5.35151
5.44494
5.53677
5.62708
5.71593
5.80341
5.88957
1
2.5
4
4.125
4.24621
4.36396
4.47854
4.59018
4.69911
4.80551
4.90956
5.0114
5.11118
5.209
5.30499
5.39924
5.49184
5.58289
5.67245
5.76059
5.84739
5.9329
6.01717
6.10027
6.18223
6.26311
6.34294
6.42177
6.49963
6.57656
6.65259
6.72774
6.80206
6.87557
6.94829
7.02025
7.09147
7.16198
7.23179
7.30093
7.36942
7.43727
7.5045
7.57112
7.63716
7.70263
7.76754
7.83191
7.89576
7.95908
8.0219
8.08423
8.14608
8.20746
8.26838
8.32885
8.38888
8.44849
8.50767
8.56644
8.62481
8.68278
8.74036
8.79757
8.8544
8.91087
8.96698
9.02274
9.07816
9.13324
9.18798
9.2424
9.2965
9.35028
9.40376
9.45693
9.5098
9.56238
1
2.5
4
5.5
5.59091
5.68034
5.76836
5.85504
5.94044
6.02461
6.1076
6.18947
6.27025
6.34999
6.42873
1
2.5
4
4.125
4.24621
4.36396
4.47854
4.59018
4.69911
4.80551
4.90956
5.0114
5.11118
5.209
5.30499
5.39924
5.49184
5.58289
5.67245
5.76059
5.84739
5.9329
6.01717
6.10027
6.18223
6.26311
6.34294
6.42177
6.49963
6.57656
6.65259
6.72774
6.80206
6.87557
6.94829
7.02025
7.09147
7.16198
7.23179
7.30093
7.36942
7.43727
7.5045
7.57112
7.63716
7.70263
7.76754
7.83191
7.89576
7.95908
8.0219
8.08423
8.14608
8.20746
8.26838
8.32885
8.38888
8.44849
8.50767
8.56644
8.62481
8.68278
8.74036
8.79757
8.8544
8.91087
8.96698
9.02274
9.07816
9.13324
9.18798
9.2424
9.2965
9.35028
9.40376
9.45693
9.5098
9.56238
9.61466
9.66667
9.71839
9.76984
9.82102
9.87193
9.92258
9.97297
10.0231
10.073
10.1226
10.172
10.2212
10.2701
10.3188
10.3672
10.4155
10.4635
10.5113
10.5588
10.6062
10.6533
10.7003
10.747
10.7935
10.8398
10.886
10.9319
10.9776
11.0232
11.0685
11.1137
11.1587
11.2035
11.2481
11.2926
11.3369
11.381
11.4249
11.4687
11.5123
11.5557
11.599
11.6421
11.685
11.7278
11.7704
11.8129
11.8552
11.8974
11.9394
11.9813
12.0231
12.0646
12.1061
12.1474
12.1885
12.2296
12.2705
12.3112
12.3518
12.3923
12.4326
12.4729
12.5129
12.5529
12.5927
12.6324
12.672
12.7115
12.7508
12.79
12.8291
12.8681
12.9069
12.9457
12.9843
13.0228
13.0612
13.0995
13.1377
13.1757
13.2137
13.2515
13.2892
13.3269
13.3644
13.4018
13.4391
13.4763
13.5134
13.5504
13.5873
13.6241
13.6608
13.6974
13.7339
13.7703
13.8066
13.8428
13.879
13.915
13.9509
13.9868
14.0225
14.0582
14.0937
14.1292
14.1646
14.1999
14.2351
14.2702
14.3053
14.3402
14.3751
14.4099
14.4446
14.4792
14.5137
14.5482
14.5825
14.6168
14.651
14.6852
14.7192
14.7532
14.7871
14.8209
14.8546
14.8883
14.9219
14.9554
14.9888
15.0222
15.0554
15.0887
15.1218
15.1549
15.1878
15.2208
15.2536
15.2864
15.3191
15.3517
15.3843
1.53843
3.03843
4.53843
6.03843
7.53843
9.03843
9.09375
9.14873
9.20339
9.25771
9.31172
9.36542
9.41881
9.47189
9.52468
9.57717
9.62938
9.68131
9.73295
9.78432
9.83543
9.88626
9.93684
9.98716
10.0372
10.087
10.1366
10.1859
10.235
10.2839
10.3325
10.3809
10.429
10.477
10.5247
10.5722
10.6195
10.6666
10.7135
10.7601
10.8066
10.8529
10.8989
10.9448
10.9905
11.036
11.0813
11.1264
11.1714
11.2161
11.2607
11.3051
11.3493
11.3934
11.4373
11.481
11.5245
11.5679
11.6111
11.6542
11.6971
11.7399
11.7824
11.8249
11.8672
11.9093
11.9513
11.9931
12.0348
12.0764
12.1178
12.159
12.2001
12.2411
12.282
12.3227
12.3633
12.4037
12.444
12.4842
12.5242
12.5642
12.604
12.6436
12.6832
12.7226
12.7619
12.8011
12.8401
12.8791
12.9179
12.9566
12.9952
13.0337
13.072
13.1103
13.1484
13.1865
13.2244
13.2622
13.2999
13.3375
13.375
13.4123
13.4496
13.4868
13.5239
13.5608
13.5977
13.6345
13.6712
13.7077
13.7442
13.7806
13.8169
13.8531
13.8892
13.9251
13.9611
13.9969
14.0326
14.0682
14.1038
14.1392
14.1746
14.2099
14.245
14.2801
14.3152
14.3501
14.3849
14.4197
14.4544
14.4889
14.5235
14.5579
14.5922
14.6265
14.6607
14.6948
14.7288
14.7628
14.7966
14.8304
14.8641
14.8978
14.9313
14.9648
14.9982
15.0316
15.0648
15.098
15.1311
15.1642
15.1972
15.2301
15.2629
15.2956
15.3283
15.361
15.3935
15.426
15.4584
15.4907
1.54907
3.04907
4.54907
6.04907
7.54907
9.04907
9.10433
9.15925
9.21384
9.2681
9.32205
9.37569
9.42902
9.48205
9.53478
9.58722
9.63937
9.69124
9.74283
9.79415
9.8452
9.89599
9.94651
9.99678
10.0468
10.0966
10.1461
10.1954
10.2444
10.2932
10.3418
10.3901
10.4383
10.4862
10.5338
10.5813
10.6286
10.6756
10.7224
10.7691
10.8155
10.8617
10.9078
10.9536
10.9993
11.0447
11.09
11.1351
11.18
11.2247
11.2692
11.3136
11.3578
11.4018
11.4457
11.4894
11.5329
11.5762
11.6194
11.6625
11.7053
11.748
11.7906
11.833
11.8753
11.9174
11.9593
12.0011
12.0428
12.0843
12.1257
12.1669
12.208
12.249
12.2898
1.22898
2.72898
4.22898
5.72898
7.22898
7.29815
7.36666
7.43453
7.50178
7.56843
7.6345
7.69999
7.76493
7.82932
7.89318
7.95653
8.01937
8.08172
8.14358
8.20498
8.26592
8.32641
8.38646
8.44608
8.50528
8.56407
8.62245
8.68044
8.73804
8.79526
8.85211
8.90859
8.96472
9.02049
9.07592
9.13101
9.18577
9.2402
9.29431
9.34811
9.4016
9.45478
9.50766
9.56025
9.61255
9.66457
9.7163
9.76776
9.81895
9.86987
9.92053
9.97093
10.0211
10.071
10.1206
1.01206
2.51206
4.01206
5.51206
5.60277
5.69201
5.77986
5.86636
5.9516
6.03561
6.11845
6.20017
6.28081
6.36042
6.43903
6.51668
6.59341
6.66924
6.74421
6.81835
6.89168
6.96423
7.03603
7.10709
7.17744
7.24711
7.3161
7.38444
7.45215
7.51925
7.58574
7.65165
7.717
7.78179
7.84604
1
2.5
4
4.125
4.24621
4.36396
4.47854
4.59018
4.69911
4.80551
4.90956
5.0114
5.11118
1
2.5
4
4.125
4.24621
4.36396
4.47854
4.59018
4.69911
4.80551
4.90956
5.0114
5.11118
5.209
5.30499
5.39924
5.49184
5.58289
5.67245
5.76059
5.84739
5.9329
6.01717
6.10027
6.18223
6.26311
6.34294
6.42177
6.49963
6.57656
6.65259
6.72774
6.80206
6.87557
6.94829
7.02025
7.09147
7.16198
7.23179
7.30093
7.36942
7.43727
7.5045
7.57112
7.63716
7.70263
7.76754
7.83191
7.89576
7.95908
8.0219
8.08423
8.14608
8.20746
8.26838
8.32885
8.38888
8.44849
8.50767
8.56644
8.62481
8.68278
8.74036
8.79757
8.8544
8.91087
8.96698
9.02274
9.07816
9.13324
9.18798
9.2424
9.2965
9.35028
9.40376
9.45693
9.5098
9.56238
9.61466
9.66667
9.71839
9.76984
9.82102
9.87193
9.92258
9.97297
10.0231
10.073
10.1226
10.172
10.2212
10.2701
10.3188
10.3672
10.4155
10.4635
10.5113
10.5588
10.6062
10.6533
10.7003
10.747
10.7935
10.8398
10.886
10.9319
10.9776
11.0232
11.0685
11.1137
11.1587
11.2035
11.2481
11.2926
11.3369
11.381
11.4249
11.4687
11.5123
11.5557
11.599
11.6421
11.685
11.7278
11.7704
11.8129
11.8552
11.8974
11.9394
11.9813
12.0231
12.0646
12.1061
12.1474
12.1885
12.2296
12.2705
12.3112
12.3518
12.3923
12.4326
12.4729
12.5129
12.5529
12.5927
12.6324
12.672
12.7115
12.7508
12.79
12.8291
12.8681
12.9069
12.9457
12.9843
13.0228
13.0612
13.0995
13.1377
13.1757
13.2137
13.2515
13.2892
13.3269
13.3644
13.4018
13.4391
13.4763
13.5134
13.5504
13.5873
13.6241
13.6608
1.36608
2.86608
4.36608
5.86608
7.36608
7.43396
7.50122
7.56787
7.63394
7.69944
7.76438
7.82878
7.89264
7.95599
8.01884
8.08119
8.14306
8.20447
8.26541
8.3259
8.38596
8.44558
8.50478
8.56357
8.62196
8.67995
8.73755
8.79478
8.85163
8.90812
8.96425
9.02002
9.07546
9.13055
9.18531
9.23974
9.29386
9.34766
9.40115
9.45433
9.50722
9.55981
9.61211
9.66413
9.71587
9.76733
9.81852
9.86944
9.92011
9.97051
10.0207
10.0706
10.1202
10.1696
10.2188
10.2677
10.3164
10.3649
10.4131
10.4611
10.5089
10.5565
10.6039
10.651
10.698
10.7447
10.7912
10.8376
10.8837
10.9296
10.9754
11.0209
11.0663
11.1115
11.1565
11.2013
11.2459
11.2904
11.3347
11.3788
11.4227
11.4665
11.5101
11.5536
11.5968
11.64
11.6829
11.7257
11.7684
11.8108
11.8532
11.8954
11.9374
11.9793
12.021
12.0626
12.1041
12.1454
12.1865
12.2276
12.2685
12.3092
12.3498
12.3903
12.4307
12.4709
12.511
12.551
12.5908
12.6305
12.6701
12.7095
12.7489
12.7881
12.8272
12.8662
12.905
12.9438
12.9824
13.0209
13.0593
13.0976
13.1358
13.1739
13.2118
13.2497
13.2874
13.325
13.3625
13.4
13.4373
13.4745
13.5116
13.5486
13.5855
13.6223
13.659
13.6956
13.7321
13.7685
13.8049
13.8411
13.8772
13.9132
13.9492
13.985
14.0208
14.0564
14.092
14.1275
14.1629
14.1982
14.2334
14.2685
14.3036
14.3385
14.3734
14.4082
14.4429
14.4775
14.512
1.4512
2.9512
4.4512
5.9512
7.4512
7.51831
7.58481
7.65073
7.71609
7.78088
7.84514
7.90888
7.9721
8.03482
8.09705
8.1588
8.22008
8.28091
8.34129
8.40123
8.46075
8.51984
8.57853
8.63681
8.69471
8.75221
8.80934
8.8661
8.92249
8.97853
9.03422
9.08956
9.14457
9.19925
9.2536
9.30763
9.36135
9.41477
9.46787
9.52068
9.5732
9.62543
9.67738
9.72904
9.78043
9.83156
9.88241
9.93301
9.98335
10.0334
10.0833
10.1329
10.1822
10.2313
10.2802
10.3288
10.3772
10.4254
10.4734
10.5211
10.5686
10.6159
10.663
10.7099
10.7566
10.8031
10.8494
10.8955
10.9413
10.987
11.0326
11.0779
11.123
11.168
11.2127
11.2573
11.3017
11.346
11.3901
11.4339
11.4777
11.5212
11.5646
11.6079
11.6509
11.6939
11.7366
11.7792
11.8217
11.864
11.9061
11.9481
11.99
12.0317
12.0732
12.1146
12.1559
12.197
12.238
12.2789
12.3196
12.3602
12.4006
12.441
12.4811
12.5212
12.5611
12.6009
12.6406
12.6802
12.7196
12.7589
12.7981
12.8372
12.8761
12.915
12.9537
12.9923
13.0308
13.0691
13.1074
13.1455
13.1836
13.2215
13.2593
13.297
13.3346
13.3721
13.4095
13.4468
13.484
13.5211
13.558
13.5949
13.6317
13.6684
13.705
13.7414
13.7778
13.8141
13.8503
13.8864
13.9224
13.9583
13.9942
14.0299
14.0655
14.1011
14.1365
14.1719
14.2072
14.2424
14.2775
14.3125
14.3474
14.3823
14.417
14.4517
14.4863
14.5208
14.5553
14.5896
14.6239
14.6581
14.6922
14.7262
14.7602
14.7941
14.8279
14.8616
14.8952
14.9288
14.9623
14.9957
15.029
15.0623
15.0955
15.1286
15.1617
15.1947
15.2276
15.2604
15.2932
1.52932
3.02932
4.52932
6.02932
7.52932
9.02932
9.08469
9.13973
9.19444
9.24882
9.30288
9.35662
9.41006
9.4632
9.51603
9.56858
9.62083
9.6728
9.72449
9.77591
9.82705
9.87793
9.92855
9.97891
10.029
10.0789
10.1285
10.1778
10.227
10.2759
10.3245
10.373
10.4212
10.4691
10.5169
10.5644
10.6118
10.6589
10.7058
10.7525
10.799
10.8453
10.8914
10.9373
10.983
11.0285
11.0739
11.119
11.164
11.2088
11.2534
11.2978
11.3421
11.3862
11.4301
11.4738
11.5174
11.5608
11.6041
11.6472
11.6901
11.7329
11.7755
11.8179
11.8602
11.9024
11.9444
11.9863
12.028
12.0695
12.111
12.1523
12.1934
12.2344
12.2753
12.316
12.3566
12.3971
12.4374
12.4776
12.5177
12.5576
12.5974
12.6371
12.6767
12.7161
12.7555
12.7947
12.8337
12.8727
12.9115
12.9503
12.9889
13.0274
13.0657
13.104
13.1422
13.1802
13.2182
13.256
13.2937
13.3313
13.3688
13.4062
13.4435
13.4807
13.5178
13.5548
13.5917
13.6285
13.6651
13.7017
13.7382
13.7746
13.8109
13.8471
13.8832
13.9192
13.9552
13.991
14.0267
14.0624
14.0979
14.1334
14.1688
14.2041
14.2393
14.2744
14.3094
14.3444
14.3792
14.414
14.4487
14.4833
14.5178
14.5522
14.5866
14.6209
14.6551
14.6892
14.7232
14.7572
14.7911
14.8249
14.8586
14.8923
14.9258
14.9593
14.9928
15.0261
15.0594
15.0926
15.1257
15.1588
15.1917
15.2247
15.2575
15.2903
15.323
15.3556
15.3882
15.4207
15.4531
15.4854
15.5177
15.5499
15.5821
15.6142
15.6462
15.6782
15.7101
15.7419
15.7736
15.8053
15.837
15.8686
15.9001
15.9315
15.9629
15.9942
16.0255
16.0567
16.0878
16.1189
16.1499
16.1809
16.2118
16.2426
16.2734
16.3041
16.3348
16.3654
16.396
16.4265
16.4569
16.4873
16.5176
16.5479
16.5781
16.6082
16.6384
16.6684
16.6984
16.7283
16.7582
16.7881
16.8179
16.8476
16.8773
16.9069
16.9365
16.966
16.9955
17.0249
17.0542
17.0836
17.1128
17.142
17.1712
17.2003
17.2294
17.2584
17.2874
17.3163
17.3452
17.374
17.4028
17.4315
17.4602
17.4888
17.5174
17.546
17.5745
17.6029
17.6313
17.6597
17.688
17.7163
17.7445
17.7727
17.8008
17.8289
17.8569
17.8849
17.9129
17.9408
17.9687
17.9965
18.0243
18.052
18.0797
18.1074
18.135
18.1626
18.1901
18.2176
18.245
18.2724
18.2998
18.3271
18.3544
18.3816
18.4088
18.436
18.4631
18.4902
18.5172
18.5442
18.5712
18.5981
18.625
18.6519
18.6787
18.7054
18.7322
18.7589
18.7855
18.8121
18.8387
18.8652
18.8918
18.9182
18.9446
18.971
18.9974
19.0237
19.05
19.0762
19.1025
19.1286
19.1548
19.1809
19.2069
19.233
19.259
19.2849
19.3109
19.3368
19.3626
19.3884
19.4142
19.44
19.4657
19.4914
19.517
19.5427
19.5682
19.5938
1.95938
3.45938
4.95938
6.45938
7.95938
9.45938
10.9594
11.005
11.0504
11.0957
11.1407
11.1856
11.2303
11.2748
11.3192
11.3634
11.4074
11.4512
11.4949
11.5384
11.5817
11.6249
11.6679
11.7107
11.7534
11.796
11.8384
11.8806
11.9227
11.9646
12.0064
12.048
12.0895
12.1309
12.1721
12.2132
12.2541
12.2949
12.3356
12.3761
12.4165
12.4568
12.4969
12.537
12.5768
12.6166
12.6562
12.6957
12.7351
12.7744
12.8135
12.8525
12.8914
12.9302
12.9689
13.0075
13.0459
13.0842
13.1224
13.1605
13.1985
13.2364
13.2742
13.3119
13.3494
13.3869
13.4242
13.4615
13.4986
13.5356
13.5726
13.6094
13.6462
13.6828
13.7193
13.7558
13.7921
13.8284
13.8646
13.9006
13.9366
13.9725
14.0082
14.0439
14.0795
14.1151
14.1505
14.1858
1.41858
2.91858
4.41858
5.91858
7.41858
7.48598
7.55277
7.61897
7.6846
7.74966
7.81418
7.87817
7.94163
8.00459
8.06706
8.12904
8.19055
8.25159
8.31219
8.37234
8.43206
8.49136
8.55024
8.60872
8.6668
8.72449
8.7818
8.83874
8.89531
8.95151
9.00737
9.06288
9.11805
9.17289
9.2274
9.28158
9.33545
9.38901
9.44227
9.49522
9.54788
9.60025
9.65233
9.70413
9.75565
9.8069
1
2.5
4
5.5
5.59091
5.68034
5.76836
5.85504
5.94044
6.02461
6.1076
6.18947
6.27025
6.34999
6.42873
6.50651
6.58335
6.6593
6.73438
6.80863
6.88207
6.95472
7.02661
7.09777
7.16822
7.23797
7.30705
7.37548
7.44327
7.51044
7.57702
7.64301
7.70842
7.77329
7.83761
