k_i = 1 ,k_m = 1 ,k_n = 0.5 ,k_f= 0.3 ,p_s =  0.01 ,t = 3000
1
2
3
4
5
6
7
8
9
10
11
12
13
14
15
16
17
18
19
20
21
22
23
24
25
26
27
28
29
30
31
32
33
34
35
36
37
38
39
40
41
42
43
44
45
46
47
48
49
50
51
52
53
54
55
56
57
58
59
60
61
62
63
64
65
66
67
68
69
70
71
72
73
74
75
76
77
78
79
80
81
82
83
84
85
86
87
88
89
90
91
92
93
94
95
96
97
98
99
100
101
102
103
104
105
106
107
108
109
110
111
112
113
114
115
116
117
118
119
120
121
122
123
124
125
126
127
128
129
130
131
132
133
134
135
136
137
138
139
140
141
142
143
144
145
146
147
148
149
150
151
152
153
154
155
156
157
158
159
160
161
162
163
164
165
166
167
168
169
170
171
172
173
174
175
176
177
178
179
180
181
182
183
184
185
186
187
188
189
190
191
192
193
194
195
196
197
198
199
200
201
202
203
204
205
206
207
208
209
210
211
212
213
214
215
216
217
218
219
220
221
222
223
224
225
226
227
228
229
230
231
232
233
234
235
236
237
238
239
240
241
242
243
244
245
246
247
248
249
250
251
252
253
254
255
256
257
258
259
260
261
262
263
264
265
266
267
268
269
270
271
272
273
274
275
276
277
278
279
280
281
282
283
284
285
286
287
288
289
290
291
292
293
294
295
296
297
298
299
300
90
91
92
93
94
95
96
97
98
99
100
101
102
103
104
105
106
107
108
109
110
111
112
113
114
115
116
117
118
119
120
121
122
123
124
125
126
127
128
129
130
131
132
133
134
135
136
137
138
139
140
141
142
143
144
145
146
147
148
149
150
150.003
150.007
150.01
150.013
150.017
150.02
150.023
150.027
150.03
150.033
150.037
150.04
150.043
150.047
150.05
150.053
150.057
150.06
150.063
150.067
150.07
150.073
150.077
150.08
150.083
150.087
150.09
150.093
150.097
150.1
150.103
150.107
150.11
150.113
150.117
150.12
150.123
150.127
150.13
150.133
150.137
150.14
150.143
150.147
150.15
150.153
150.157
150.16
150.163
150.167
150.17
150.173
45.052
46.052
47.052
48.052
49.052
50.052
51.052
52.052
53.052
54.052
55.052
56.052
57.052
58.052
59.052
60.052
61.052
62.052
63.052
64.052
65.052
66.052
67.052
68.052
69.052
70.052
71.052
72.052
73.052
74.052
75.052
76.052
76.0585
76.0651
76.0717
76.0783
76.0848
76.0914
76.098
76.1046
76.1111
76.1177
76.1243
76.1308
76.1374
76.144
76.1505
76.1571
76.1637
76.1702
76.1768
76.1834
76.1899
76.1965
76.203
76.2096
76.2162
76.2227
76.2293
76.2358
76.2424
76.249
76.2555
76.2621
76.2686
76.2752
76.2817
76.2883
76.2948
76.3014
76.308
76.3145
76.3211
76.3276
76.3342
76.3407
76.3473
76.3538
76.3604
76.3669
76.3735
76.38
76.3865
76.3931
76.3996
76.4062
76.4127
76.4193
76.4258
76.4324
76.4389
76.4454
76.452
76.4585
76.4651
76.4716
76.4781
76.4847
76.4912
76.4977
76.5043
76.5108
76.5174
76.5239
76.5304
76.537
76.5435
76.55
76.5566
76.5631
76.5696
76.5761
76.5827
76.5892
76.5957
76.6023
22.9807
23.9807
24.9807
25.9807
26.9807
27.9807
28.9807
29.9807
30.9807
31.9807
32.9807
33.9807
34.9807
35.9807
36.9807
37.9807
38.9807
38.9935
39.0063
39.0191
39.032
39.0448
39.0576
39.0704
39.0832
39.096
39.1088
39.1215
39.1343
39.1471
39.1599
39.1726
39.1854
39.1982
39.2109
39.2237
39.2364
39.2492
39.2619
39.2746
39.2874
39.3001
39.3128
39.3255
39.3382
39.351
39.3637
39.3764
39.3891
39.4018
39.4144
39.4271
39.4398
39.4525
39.4652
39.4778
39.4905
39.5032
39.5158
39.5285
39.5411
39.5538
39.5664
39.579
39.5917
39.6043
39.6169
39.6296
39.6422
39.6548
39.6674
39.68
39.6926
39.7052
39.7178
39.7304
39.743
39.7555
39.7681
39.7807
39.7933
39.8058
39.8184
39.8309
39.8435
39.856
39.8686
39.8811
39.8937
39.9062
39.9187
39.9313
39.9438
39.9563
39.9688
39.9813
39.9938
40.0063
40.0188
40.0313
40.0438
40.0563
40.0688
40.0813
40.0937
40.1062
40.1187
40.1311
40.1436
40.156
40.1685
40.1809
40.1934
40.2058
40.2183
40.2307
40.2431
40.2555
40.268
40.2804
40.2928
40.3052
40.3176
40.33
40.3424
40.3548
40.3672
40.3796
40.392
40.4043
40.4167
40.4291
40.4415
40.4538
40.4662
40.4785
40.4909
40.5032
12.151
13.151
14.151
15.151
16.151
17.151
18.151
19.151
20.151
21.151
21.1746
21.1982
21.2218
21.2454
21.2689
21.2924
21.3159
21.3394
21.3628
21.3862
21.4096
21.4329
21.4563
21.4796
21.5028
21.5261
21.5493
21.5725
21.5957
21.6188
21.642
21.6651
21.6882
21.7112
21.7342
21.7572
21.7802
21.8032
21.8261
21.849
21.8719
21.8948
21.9176
21.9404
21.9632
21.986
22.0087
22.0314
22.0541
22.0768
22.0994
22.1221
22.1447
22.1673
22.1898
22.2123
22.2349
22.2573
22.2798
22.3022
22.3247
22.3471
22.3694
22.3918
22.4141
22.4364
22.4587
22.481
22.5032
22.5254
22.5476
22.5698
22.592
22.6141
22.6362
22.6583
6.79749
7.79749
8.79749
9.79749
10.7975
11.7975
11.8399
11.8821
11.9242
11.9661
12.0079
12.0495
12.091
12.1324
12.1736
12.2147
12.2556
12.2964
12.3371
12.3776
12.418
12.4582
12.4984
12.5384
12.5783
12.618
12.6576
12.6971
12.7365
12.7758
12.8149
12.8539
12.8928
12.9316
12.9703
13.0088
13.0473
13.0856
13.1238
13.1619
13.1999
13.2378
13.2755
13.3132
13.3508
13.3882
13.4256
13.4628
13.4999
13.537
13.5739
13.6107
13.6475
13.6841
13.7207
13.7571
13.7934
13.8297
13.8658
13.9019
13.9379
13.9737
14.0095
14.0452
14.0808
14.1163
14.1517
14.1871
14.2223
14.2575
14.2925
14.3275
14.3624
14.3972
14.432
14.4666
14.5012
14.5357
14.5701
14.6044
14.6386
14.6728
14.7068
14.7408
14.7748
14.8086
14.8424
14.876
14.9097
14.9432
14.9767
15.01
15.0434
15.0766
15.1098
15.1428
15.1759
15.2088
15.2417
15.2745
15.3072
15.3399
15.3725
15.405
15.4375
15.4699
15.5022
15.5344
15.5666
15.5987
15.6308
15.6628
15.6947
15.7266
15.7584
15.7901
15.8217
15.8533
15.8849
15.9164
15.9478
15.9791
16.0104
16.0417
16.0728
16.1039
16.135
16.166
16.1969
16.2278
16.2586
16.2893
16.32
16.3507
16.3812
16.4118
16.4422
16.4726
16.503
16.5333
16.5635
16.5937
16.6238
16.6539
16.684
16.7139
16.7438
16.7737
16.8035
16.8333
16.863
16.8926
16.9222
16.9518
16.9813
17.0107
17.0401
17.0694
17.0987
17.128
17.1572
17.1863
17.2154
17.2444
17.2734
17.3024
5.19071
6.19071
7.19071
8.19071
9.19071
9.24512
9.2992
9.35297
9.40643
9.45958
9.51244
9.565
9.61728
9.66926
9.72098
9.77241
9.82357
9.87447
9.92511
9.97549
10.0256
10.0755
10.1251
10.1745
10.2236
10.2725
10.3212
10.3697
10.4179
10.4659
10.5136
10.5612
10.6085
10.6557
10.7026
10.7493
10.7958
10.8421
10.8883
10.9342
10.9799
11.0254
11.0708
11.116
11.1609
11.2057
11.2504
11.2948
11.3391
11.3832
11.4271
11.4708
11.5144
11.5579
11.6011
11.6442
11.6872
11.7299
11.7726
11.815
11.8574
11.8995
11.9415
11.9834
12.0251
12.0667
12.1082
12.1494
12.1906
12.2316
12.2725
12.3132
12.3538
12.3943
12.4347
12.4749
12.5149
12.5549
12.5947
12.6344
12.674
12.7135
12.7528
12.792
12.8311
12.87
12.9089
12.9476
12.9862
13.0247
13.0631
13.1014
13.1396
13.1776
13.2156
13.2534
13.2911
13.3287
13.3663
13.4037
13.441
13.4782
13.5153
13.5523
13.5892
13.626
13.6626
13.6992
13.7357
13.7721
13.8084
4.14253
5.14253
6.14253
7.14253
7.21254
7.28186
7.35052
7.41855
7.48595
7.55274
7.61894
7.68456
7.74963
7.81415
7.87814
7.9416
8.00456
8.06703
8.12901
8.19052
8.25156
8.31216
8.37231
8.43203
8.49133
8.55021
8.60869
8.66677
8.72446
8.78177
8.83871
8.89528
8.95149
9.00734
9.06285
9.11802
9.17286
9.22737
9.28156
9.33543
9.38899
9.44224
9.49519
9.54785
9.60022
9.6523
9.7041
9.75563
9.80688
9.85786
9.90858
9.95905
10.0093
10.0592
10.1089
10.1584
10.2076
10.2566
10.3053
10.3538
10.4021
10.4502
10.498
10.5457
10.5931
10.6403
10.6873
10.7341
10.7806
10.827
10.8732
10.9192
10.965
11.0106
11.056
11.1012
11.1463
11.1911
11.2358
11.2803
11.3246
11.3688
11.4128
11.4566
11.5002
11.5437
11.587
11.6301
11.6731
11.716
11.7586
11.8012
11.8435
11.8858
11.9278
11.9697
12.0115
12.0531
12.0946
12.136
12.1772
12.2182
12.2591
12.2999
12.3406
12.3811
12.4215
12.4617
12.5019
12.5419
12.5817
12.6215
12.6611
12.7006
12.7399
12.7792
12.8183
12.8573
12.8962
12.935
12.9736
13.0122
13.0506
13.0889
13.1271
13.1652
13.2032
13.241
13.2788
13.3165
13.354
13.3915
13.4288
13.466
13.5032
4.05095
5.05095
6.05095
7.05095
7.12186
7.19206
7.26159
7.33044
7.39865
7.46623
7.5332
7.59957
7.66536
7.73059
7.79527
7.85941
7.92303
7.98614
8.04875
8.11087
8.17251
8.23369
8.29442
8.3547
8.41455
8.47397
8.53297
8.59157
2.57747
3.57747
4.57747
4.6867
4.79339
4.8977
4.99979
5.09979
5.19783
5.29403
5.38847
5.48126
5.57248
5.66221
5.75051
5.83746
5.92312
6.00753
6.09076
6.17285
6.25385
6.3338
6.41274
6.49071
6.56775
6.64388
6.71913
6.79355
6.86715
6.93996
7.012
7.08331
7.1539
7.22379
7.29301
7.36157
7.42949
7.49679
7.56348
7.62959
7.69512
7.7601
7.82453
7.88843
7.95182
8.0147
8.07708
8.13898
8.20042
8.26139
8.32191
8.38199
8.44165
8.50088
8.55969
8.61811
8.67612
8.73375
8.791
8.84788
8.90439
8.96054
9.01634
9.0718
9.12691
9.1817
9.23615
9.29029
9.34411
9.39762
9.45082
9.50373
9.55634
9.60866
9.6607
9.71245
9.76393
9.81514
9.86608
9.91676
9.96718
10.0173
10.0673
10.1169
10.1663
10.2155
10.2645
10.3132
10.3617
10.4099
10.458
10.5058
10.5534
10.6007
10.6479
10.6949
10.7416
10.7882
10.8345
10.8807
10.9266
10.9724
11.0179
11.0633
11.1085
11.1535
11.1984
11.243
11.2875
11.3318
11.3759
11.4198
11.4636
11.5072
11.5507
11.594
11.6371
11.6801
11.7229
11.7655
11.808
11.8504
11.8926
11.9346
11.9765
12.0183
12.0599
12.1013
12.1426
12.1838
12.2249
12.2658
3.67973
4.67973
5.67973
1.70392
2.70392
3.70392
3.83891
3.96916
4.09513
4.21722
4.33578
4.4511
4.56344
4.673
4.78
4.8846
4.98696
5.08723
5.18551
5.28193
5.3766
5.46959
5.56101
5.65092
5.7394
5.82652
5.91233
5.9969
6.08028
6.16251
6.24365
6.32373
6.40279
1.92084
2.92084
3.92084
4.04836
4.17187
4.29172
4.40822
4.52165
4.63223
4.74017
4.84565
4.94883
5.04987
5.14888
5.24599
5.3413
5.43491
5.52691
5.61737
5.70638
5.794
5.8803
5.96533
6.04915
6.1318
6.21335
6.29382
6.37326
6.45171
6.52921
6.60579
6.68148
6.75632
6.83032
6.90352
6.97595
7.04763
7.11857
7.18881
7.25836
7.32725
7.39549
7.4631
7.53009
7.59649
7.66231
7.72757
7.79227
7.85644
7.92008
7.98321
8.04584
8.10798
8.16965
8.23085
8.2916
8.3519
8.41177
8.47121
8.53023
8.58885
8.64706
8.70489
8.76233
8.81939
8.87608
8.93241
8.98839
9.04402
9.0993
9.15425
9.20887
9.26317
9.31714
9.37081
9.42416
9.47722
9.52998
2.85899
3.85899
4.85899
4.9619
5.06266
5.16143
5.2583
5.35339
5.44678
5.53858
5.62886
5.71769
5.80513
5.89126
5.97614
1.79284
2.79284
3.79284
3.92467
4.05207
4.17546
4.29521
4.41162
4.52495
4.63545
4.74332
4.84873
4.95185
5.05282
5.15178
5.24883
5.34409
5.43765
5.5296
5.62002
5.70899
5.79657
5.88283
5.96782
6.05161
6.13423
6.21574
6.29618
6.37559
6.45402
6.53149
6.60804
6.68371
6.75851
6.8325
6.90567
6.97808
7.04973
7.12066
7.19088
7.26041
7.32927
7.39749
7.46508
7.53206
7.59845
7.66425
7.72949
7.79417
7.85832
7.92195
7.98507
8.04768
8.10981
8.17147
8.23266
8.29339
8.35368
8.41353
8.47296
8.53197
8.59057
8.64878
8.70659
8.76402
8.82107
8.87775
8.93407
8.99004
9.04565
9.10093
9.15587
9.21048
9.26477
9.31873
9.37239
9.42574
9.47878
9.53153
9.58399
9.63616
9.68805
9.73966
9.79099
9.84206
9.89286
9.94341
9.99369
10.0437
10.0935
10.143
10.1923
10.2414
10.2902
10.3388
10.3872
10.4353
10.4832
10.5309
10.5784
10.6257
10.6727
10.7196
10.7662
10.8126
10.8589
10.9049
10.9508
10.9964
11.0419
11.0872
11.1323
11.1772
11.2219
11.2665
11.3109
11.3551
11.3991
11.443
11.4867
11.5302
11.5736
11.6168
11.6598
11.7027
11.7454
11.788
11.8304
11.8727
11.9148
11.9567
11.9986
12.0402
12.0818
12.1231
12.1644
12.2055
12.2465
12.2873
12.328
12.3685
12.409
12.4493
12.4894
12.5295
12.5694
12.6091
12.6488
12.6883
12.7277
12.767
12.8062
12.8452
12.8841
12.9229
12.9616
13.0002
13.0387
13.077
13.1153
13.1534
13.1914
13.2293
13.2671
13.3048
13.3424
13.3798
13.4172
13.4545
13.4916
13.5287
13.5657
13.6025
13.6393
13.6759
13.7125
13.749
13.7853
13.8216
13.8578
13.8938
13.9298
13.9657
14.0015
14.0372
14.0729
14.1084
14.1438
14.1792
14.2144
14.2496
14.2847
14.3197
14.3546
14.3895
14.4242
14.4589
14.4934
14.5279
14.5624
14.5967
14.631
14.6651
14.6992
14.7332
14.7672
14.801
14.8348
14.8685
14.9021
14.9357
14.9692
15.0026
15.0359
15.0692
15.1023
15.1354
15.1685
15.2014
15.2343
15.2672
15.2999
15.3326
4.59978
5.59978
6.59978
7.59978
8.59978
8.65792
8.71567
8.77304
8.83003
8.88665
8.94292
8.99883
9.05439
9.10961
9.1645
9.21906
9.27329
9.32721
9.38082
9.43412
9.48712
9.53982
9.59223
9.64436
9.6962
9.74777
9.79906
9.85009
9.90085
9.95135
10.0016
10.0516
10.1013
10.1508
10.2001
10.2491
10.2979
10.3464
10.3948
10.4429
10.4907
10.5384
10.5859
10.6331
10.6801
10.7269
10.7735
10.8199
10.8662
10.9122
10.958
11.0036
11.0491
11.0943
11.1394
11.1843
11.229
11.2735
11.3179
11.362
11.406
11.4499
11.4935
11.537
11.5804
11.6236
11.6666
11.7094
11.7521
11.7947
11.8371
11.8793
11.9214
11.9633
12.0051
12.0468
12.0883
12.1297
12.1709
12.212
12.2529
12.2937
12.3344
12.3749
12.4153
12.4556
12.4957
12.5357
12.5756
12.6154
12.655
12.6945
12.7339
12.7732
12.8123
12.8514
12.8903
12.9291
12.9677
13.0063
13.0447
13.0831
13.1213
13.1594
13.1974
13.2353
13.273
13.3107
13.3483
13.3857
13.4231
13.4603
13.4975
13.5345
13.5715
13.6083
13.6451
13.6817
13.7182
13.7547
13.791
13.8273
13.8635
13.8995
13.9355
13.9714
14.0072
14.0429
14.0785
14.114
14.1494
14.1847
14.22
14.2552
14.2902
14.3252
14.3601
14.3949
14.4297
14.4643
14.4989
14.5334
14.5678
14.6021
14.6363
14.6705
14.7046
14.7386
14.7725
14.8064
14.8401
14.8738
14.9074
14.941
14.9744
15.0078
15.0412
15.0744
15.1076
15.1407
15.1737
15.2066
15.2395
15.2723
4.5817
5.5817
6.5817
7.5817
8.5817
8.63996
8.69783
8.75532
8.81243
8.86916
8.92554
8.98156
9.03723
9.09255
9.14754
9.2022
9.25654
9.31055
9.36426
9.41765
9.47074
9.52354
9.57604
9.62825
9.68018
9.73183
9.78321
9.83432
9.88516
9.93574
9.98607
10.0361
10.086
10.1355
10.1849
10.234
10.2828
10.3314
10.3798
10.428
10.476
10.5237
10.5712
10.6185
10.6656
10.7125
10.7591
10.8056
10.8519
10.898
10.9438
10.9895
11.035
11.0803
11.1255
11.1704
11.2152
11.2597
11.3041
11.3484
11.3924
11.4363
11.48
11.5236
11.567
11.6102
11.6533
11.6962
11.7389
11.7815
11.824
11.8663
11.9084
11.9504
11.9922
3.59766
4.59766
5.59766
6.59766
6.67345
6.74837
6.82247
6.89575
6.96826
7.04001
7.11104
7.18135
7.25098
7.31993
7.38824
7.45591
7.52297
7.58944
7.65532
7.72063
7.78539
7.84962
7.91331
7.9765
8.03918
8.10138
8.1631
8.22435
8.28514
8.34549
8.4054
8.46489
8.52396
8.58262
8.64087
8.69874
8.75622
8.81332
8.87005
8.92642
8.98243
9.0381
9.09342
9.1484
9.20306
9.25739
9.3114
9.3651
9.41849
9.47157
9.52436
9.57686
9.62907
9.681
9.73264
2.91979
3.91979
4.91979
5.02142
5.121
5.21863
5.31444
5.40853
5.50097
5.59187
5.68128
5.76929
5.85596
5.94134
6.0255
6.10848
6.19033
6.2711
6.35083
6.42956
6.50733
6.58416
6.6601
6.73518
6.80942
6.88284
6.95549
7.02737
7.09852
7.16896
7.23871
7.30778
7.3762
7.44398
7.51115
2.25335
3.25335
4.25335
4.3709
4.48529
4.59677
4.70554
4.8118
4.91571
5.01742
5.11708
5.21479
5.31067
1.5932
2.5932
3.5932
3.73235
3.86632
3.99564
4.12078
4.24211
4.35998
4.47466
4.5864
4.69542
4.8019
4.90603
5.00794
5.10778
5.20567
5.30172
5.39603
5.48869
5.57979
5.6694
5.75759
5.84443
5.92998
6.0143
6.09744
6.17944
6.26035
6.34022
6.41908
6.49697
6.57393
6.64999
6.72518
6.79953
6.87306
6.94581
7.01779
7.08904
7.15957
7.22941
7.29857
7.36708
7.43495
7.5022
7.56885
7.63491
7.70039
7.76533
7.82971
7.89357
7.95692
8.01976
8.0821
8.14397
8.20536
8.2663
8.32678
8.38683
8.44645
8.50564
8.56443
8.62281
8.6808
8.73839
8.79561
8.85246
8.90894
8.96506
9.02084
9.07626
9.13135
9.18611
9.24054
9.29465
9.34844
9.40193
9.45511
9.50799
9.56058
9.61288
9.66489
9.71662
9.76808
9.81927
9.87019
9.92085
9.97124
10.0214
10.0713
10.1209
10.1703
10.2195
10.2684
10.3171
10.3656
10.4138
10.4618
10.5096
10.5572
10.6046
10.6517
10.6986
10.7454
10.7919
10.8382
10.8844
10.9303
10.9761
11.0216
11.067
11.1122
11.1572
11.202
11.2466
11.2911
11.3353
11.3795
11.4234
11.4672
11.5108
11.5542
11.5975
11.6406
11.6835
11.7263
11.769
11.8115
11.8538
11.896
11.938
11.9799
12.0216
12.0632
12.1047
12.146
12.1871
12.2282
12.2691
12.3098
12.3504
12.3909
12.4313
12.4715
12.5116
12.5515
12.5914
12.6311
12.6707
12.7101
12.7495
12.7887
12.8278
12.8668
12.9056
12.9444
12.983
13.0215
13.0599
13.0982
13.1364
13.1744
13.2124
13.2502
13.2879
13.3256
13.3631
13.4005
13.4378
13.475
13.5121
13.5491
4.06474
5.06474
6.06474
7.06474
7.13552
7.20559
7.27498
7.34371
7.41179
7.47925
7.54611
7.61237
7.67805
7.74317
7.80774
7.87178
7.9353
7.99831
8.06082
8.12285
8.1844
8.2455
8.30614
8.36633
8.4261
8.48543
8.54436
8.60288
8.661
8.71873
8.77608
8.83305
8.88965
8.9459
9.00179
9.05734
9.11254
9.16741
9.22195
9.27617
9.33007
9.38366
9.43694
9.48993
9.54261
9.59501
9.64712
9.69895
9.7505
9.80178
9.85279
9.90354
9.95403
10.0043
10.0542
10.104
10.1535
10.2027
10.2517
10.3005
10.349
10.3973
10.4454
10.4933
10.5409
10.5884
10.6356
10.6826
10.7294
10.776
10.8224
10.8686
10.9146
10.9604
11.006
11.0515
11.0967
11.1418
11.1867
11.2313
11.2759
11.3202
11.3644
11.4084
11.4522
11.4959
11.5394
11.5827
11.6259
11.6689
11.7117
11.7544
11.7969
11.8393
11.8816
11.9236
11.9656
12.0074
12.049
12.0905
12.1319
12.1731
12.2141
12.2551
12.2959
12.3365
12.3771
12.4175
12.4577
12.4979
12.5379
12.5778
12.6175
12.6571
12.6966
12.736
12.7753
12.8144
12.8534
12.8923
12.9311
12.9698
13.0083
13.0468
13.0851
13.1233
13.1614
13.1994
13.2373
13.275
13.3127
13.3503
13.3877
13.4251
13.4623
13.4995
13.5365
13.5734
13.6103
13.647
13.6836
13.7202
13.7566
13.793
13.8292
13.8654
13.9014
13.9374
13.9733
14.0091
14.0448
14.0804
14.1159
14.1513
14.1866
14.2219
14.257
14.2921
14.3271
14.362
14.3968
4.31904
5.31904
6.31904
7.31904
7.38735
7.45503
7.5221
7.58857
7.65446
7.71978
7.78455
7.84878
7.91249
7.97568
8.03837
8.10057
8.16229
8.22355
8.28435
8.34471
8.40463
8.46412
8.52319
8.58185
8.64012
8.69798
8.75547
8.81258
8.86931
8.92569
8.98171
9.03737
9.0927
9.14769
9.20235
9.25668
9.3107
9.3644
9.41779
9.47088
9.52368
9.57618
9.62839
9.68032
9.73197
9.78335
9.83446
9.8853
9.93588
9.9862
10.0363
10.0861
10.1357
10.185
10.2341
10.2829
10.3316
10.38
10.4281
10.4761
10.5238
10.5713
10.6186
10.6657
10.7126
10.7593
10.8057
10.852
10.8981
10.944
10.9896
11.0351
11.0804
11.1256
11.1705
11.2153
11.2599
11.3043
11.3485
11.3926
11.4364
11.4802
11.5237
11.5671
11.6103
11.6534
11.6963
11.739
11.7816
11.8241
11.8664
11.9085
11.9505
11.9923
12.034
12.0756
12.117
12.1582
12.1994
12.2404
12.2812
12.3219
12.3625
12.4029
12.4432
12.4834
12.5235
12.5634
12.6032
12.6429
12.6824
12.7219
12.7612
12.8003
12.8394
12.8783
12.9172
12.9559
12.9945
13.0329
13.0713
13.1096
13.1477
13.1857
13.2236
13.2615
13.2992
13.3368
13.3742
13.4116
13.4489
13.4861
13.5232
13.5601
13.597
13.6338
13.6705
13.707
13.7435
13.7799
13.8162
13.8524
13.8885
13.9245
13.9604
13.9962
14.0319
14.0675
14.1031
14.1385
14.1739
14.2092
14.2444
14.2795
14.3145
14.3494
14.3843
14.419
14.4537
14.4883
14.5228
14.5572
14.5916
14.6258
14.66
14.6941
14.7282
14.7621
14.796
14.8298
14.8635
14.8971
14.9307
14.9642
14.9976
15.0309
15.0642
15.0974
15.1305
15.1636
15.1965
15.2294
15.2623
4.57868
5.57868
6.57868
7.57868
8.57868
8.63696
8.69485
8.75236
8.80949
8.86624
8.92264
8.97867
9.03436
9.08971
9.14471
9.19939
9.25374
9.30777
9.36149
9.4149
9.46801
9.52082
9.57334
9.62556
9.67751
9.72917
9.78057
9.83169
9.88254
9.93314
9.98348
10.0336
10.0834
10.133
10.1823
10.2314
10.2803
10.3289
10.3773
10.4255
10.4735
10.5212
10.5687
10.6161
10.6632
10.71
10.7567
10.8032
10.8495
10.8956
10.9415
10.9872
11.0327
11.078
11.1231
11.1681
11.2128
11.2574
11.3019
11.3461
11.3902
11.4341
11.4778
11.5214
11.5648
11.608
11.6511
11.694
11.7367
11.7793
11.8218
11.8641
11.9062
11.9482
11.9901
12.0318
12.0733
12.1147
12.156
12.1971
12.2381
12.279
12.3197
12.3603
12.4007
12.4411
12.4813
12.5213
12.5612
12.601
12.6407
12.6803
12.7197
12.759
12.7982
12.8373
12.8762
12.9151
12.9538
12.9924
13.0309
13.0692
13.1075
13.1456
13.1837
13.2216
13.2594
13.2971
13.3347
13.3722
13.4096
13.4469
13.4841
13.5212
13.5581
13.595
13.6318
13.6685
13.7051
13.7415
13.7779
13.8142
13.8504
13.8865
13.9225
13.9584
13.9942
14.03
14.0656
14.1012
14.1366
14.172
14.2073
14.2425
14.2776
14.3126
14.3475
14.3824
14.4171
14.4518
14.4864
14.5209
14.5554
14.5897
14.624
14.6582
14.6923
14.7263
14.7603
14.7941
14.8279
14.8617
14.8953
14.9289
14.9624
14.9958
15.0291
15.0624
15.0956
15.1287
15.1618
15.1947
15.2276
15.2605
15.2932
15.3259
15.3586
15.3911
15.4236
15.456
15.4884
15.5207
15.5529
15.585
15.6171
15.6491
15.6811
15.713
15.7448
15.7765
15.8082
15.8399
15.8714
15.9029
15.9344
15.9657
15.9971
16.0283
16.0595
16.0906
16.1217
16.1527
16.1837
16.2146
16.2454
16.2762
16.3069
16.3376
16.3682
16.3987
16.4292
16.4597
16.49
16.5204
16.5506
16.5808
16.611
16.6411
16.6711
16.7011
16.7311
16.7609
16.7908
16.8206
16.8503
16.88
16.9096
16.9391
16.9687
16.9981
17.0275
17.0569
17.0862
17.1155
17.1447
17.1739
17.203
17.232
17.2611
17.29
17.3189
17.3478
17.3766
17.4054
17.4341
17.4628
17.4914
17.52
17.5486
17.5771
17.6055
17.6339
17.6623
17.6906
17.7188
17.7471
17.7752
17.8034
17.8314
17.8595
17.8875
17.9154
17.9433
17.9712
17.999
18.0268
18.0545
18.0822
18.1099
18.1375
18.1651
18.1926
18.2201
18.2475
18.2749
18.3023
18.3296
18.3569
18.3841
18.4113
18.4385
18.4656
18.4927
18.5197
18.5467
18.5737
18.6006
18.6275
18.6543
18.6811
18.7079
18.7346
18.7613
18.7879
18.8145
18.8411
18.8677
18.8942
18.9206
18.947
18.9734
18.9998
19.0261
19.0524
19.0786
19.1048
19.131
19.1571
19.1832
19.2093
19.2353
19.2613
19.2873
19.3132
19.3391
19.365
19.3908
19.4166
5.82497
6.82497
7.82497
8.82497
9.82497
9.87586
9.92649
9.97686
10.027
10.0768
10.1265
10.1758
10.225
10.2739
10.3225
10.371
10.4192
10.4672
10.5149
10.5625
10.6098
10.657
10.7039
10.7506
10.7971
10.8434
10.8895
10.9354
10.9812
11.0267
11.072
11.1172
11.1622
11.207
11.2516
11.296
11.3403
11.3844
11.4283
11.472
11.5156
11.559
11.6023
11.6454
11.6883
11.7311
11.7737
11.8162
11.8585
11.9007
11.9427
11.9846
12.0263
12.0679
12.1093
12.1506
12.1917
12.2327
12.2736
12.3143
12.355
12.3954
12.4358
12.476
12.516
12.556
12.5958
12.6355
12.6751
12.7145
12.7539
12.7931
12.8321
12.8711
12.91
12.9487
12.9873
13.0258
13.0642
13.1025
13.1406
13.1787
13.2166
13.2544
13.2922
13.3298
13.3673
13.4047
4.02141
5.02141
6.02141
7.02141
7.09262
7.16311
7.23291
7.30204
7.37052
7.43836
7.50557
7.57219
7.63822
7.70368
7.76859
7.83295
7.89678
7.9601
8.02291
8.08523
8.14707
8.20845
8.26936
8.32982
8.38985
8.44944
8.50862
8.56738
8.62574
8.68371
8.74129
8.79849
8.85532
8.91178
8.96789
9.02364
9.07905
9.13412
9.18886
9.24328
9.29737
9.35115
9.40462
9.45778
9.51065
9.56322
2.86897
3.86897
4.86897
4.97166
5.07223
5.1708
5.2675
5.36242
5.45566
5.54731
5.63745
5.72614
5.81346
5.89946
5.98422
6.06777
6.15017
6.23147
6.31171
6.39093
6.46916
6.54645
6.62283
6.69833
6.77297
6.8468
6.91982
6.99208
7.06359
7.13437
7.20446
7.27386
7.3426
7.41069
7.47816
