k_i = 4 ,k_m = 1.5 ,k_n = 0.5 ,k_f= 0.3 ,p_s =  0.01 ,t = 3000
4
5.5
7
8.5
10
11.5
13
14.5
16
17.5
19
20.5
22
23.5
25
26.5
28
29.5
31
32.5
34
35.5
37
38.5
40
41.5
43
44.5
46
47.5
49
50.5
52
53.5
55
56.5
58
59.5
61
62.5
64
65.5
67
68.5
70
71.5
73
74.5
76
77.5
79
80.5
82
83.5
85
86.5
88
89.5
91
92.5
94
95.5
97
98.5
100
101.5
103
104.5
106
107.5
109
110.5
112
113.5
115
116.5
118
119.5
121
122.5
124
125.5
127
128.5
130
131.5
133
134.5
136
137.5
139
140.5
142
143.5
145
146.5
148
149.5
151
152.5
154
155.5
157
158.5
160
161.5
163
164.5
166
167.5
169
170.5
172
173.5
175
176.5
178
179.5
181
182.5
184
185.5
187
188.5
190
191.5
193
194.5
196
197.5
199
200.5
202
203.5
205
206.5
208
209.5
211
212.5
214
215.5
217
218.5
220
221.5
223
224.5
226
227.5
229
230.5
232
233.5
235
236.5
238
239.5
241
242.5
244
245.5
247
248.5
250
251.5
253
254.5
256
257.5
259
260.5
262
263.5
265
266.5
268
269.5
271
272.5
274
275.5
277
278.5
280
281.5
283
284.5
286
287.5
289
290.5
292
293.5
295
296.5
298
299.5
301
302.5
304
305.5
307
308.5
310
311.5
313
314.5
316
317.5
319
320.5
322
323.5
325
326.5
328
329.5
331
332.5
334
335.5
337
338.5
340
341.5
343
344.5
346
347.5
349
350.5
352
353.5
355
356.5
358
359.5
361
362.5
364
365.5
367
368.5
370
371.5
373
374.5
376
377.5
379
380.5
382
383.5
385
386.5
388
389.5
391
392.5
394
395.5
397
398.5
400
401.5
403
404.5
406
407.5
409
410.5
412
413.5
415
416.5
418
419.5
421
422.5
424
425.5
427
428.5
430
431.5
433
434.5
436
437.5
439
440.5
442
443.5
445
446.5
448
449.5
451
452.5
135.75
137.25
138.75
140.25
141.75
143.25
144.75
146.25
147.75
149.25
150.75
152.25
153.75
155.25
156.75
158.25
159.75
161.25
162.75
164.25
165.75
167.25
168.75
170.25
171.75
173.25
174.75
176.25
177.75
179.25
180.75
182.25
183.75
185.25
186.75
188.25
189.75
191.25
192.75
194.25
195.75
197.25
198.75
200.25
201.75
203.25
204.75
206.25
207.75
209.25
210.75
212.25
213.75
215.25
216.75
218.25
219.75
221.25
222.75
224.25
225.75
227.25
227.252
227.254
227.257
227.259
227.261
227.263
227.265
227.268
227.27
227.272
227.274
227.276
227.279
227.281
227.283
227.285
227.287
227.29
227.292
227.294
227.296
227.298
227.301
227.303
227.305
227.307
227.309
227.312
227.314
227.316
227.318
227.32
227.323
227.325
227.327
227.329
227.331
227.334
227.336
227.338
227.34
227.342
227.345
227.347
227.349
227.351
227.353
227.356
227.358
227.36
227.362
68.2087
69.7087
71.2087
72.7087
74.2087
75.7087
77.2087
78.7087
80.2087
81.7087
83.2087
84.7087
86.2087
87.7087
89.2087
90.7087
92.2087
93.7087
95.2087
96.7087
98.2087
99.7087
101.209
102.709
104.209
105.709
107.209
108.709
110.209
111.709
113.209
114.709
114.713
114.717
114.722
114.726
114.73
114.735
114.739
114.744
114.748
114.752
114.757
114.761
114.765
114.77
114.774
114.778
114.783
114.787
114.791
114.796
114.8
114.805
114.809
114.813
114.818
114.822
114.826
114.831
114.835
114.839
114.844
114.848
114.852
114.857
114.861
114.865
114.87
114.874
114.879
114.883
114.887
114.892
114.896
114.9
114.905
114.909
114.913
114.918
114.922
114.926
114.931
114.935
114.939
114.944
114.948
114.952
114.957
114.961
114.966
114.97
114.974
114.979
114.983
114.987
114.992
114.996
115
115.005
115.009
115.013
115.018
115.022
115.026
115.031
115.035
115.039
115.044
115.048
115.052
115.057
115.061
115.066
115.07
115.074
34.5223
36.0223
37.5223
39.0223
40.5223
42.0223
43.5223
45.0223
46.5223
48.0223
49.5223
51.0223
52.5223
54.0223
55.5223
57.0223
58.5223
58.5308
58.5394
58.5479
58.5564
58.565
58.5735
58.582
58.5906
58.5991
58.6076
58.6162
58.6247
58.6332
58.6418
58.6503
58.6588
58.6673
58.6759
58.6844
58.6929
58.7014
58.7099
58.7185
58.727
58.7355
58.744
58.7525
58.761
58.7695
58.778
58.7865
58.7951
58.8036
58.8121
58.8206
58.8291
58.8376
58.8461
58.8546
58.8631
58.8715
58.88
58.8885
58.897
58.9055
58.914
58.9225
58.931
58.9395
58.9479
58.9564
58.9649
58.9734
58.9819
58.9903
58.9988
59.0073
59.0158
59.0242
59.0327
59.0412
59.0496
59.0581
59.0666
59.075
59.0835
59.092
59.1004
59.1089
59.1173
59.1258
59.1343
59.1427
59.1512
59.1596
59.1681
59.1765
59.185
59.1934
59.2019
59.2103
59.2188
59.2272
59.2356
59.2441
59.2525
59.261
59.2694
59.2778
59.2863
59.2947
59.3031
59.3116
59.32
59.3284
59.3369
59.3453
59.3537
59.3621
59.3706
59.379
59.3874
59.3958
59.4042
59.4127
59.4211
59.4295
59.4379
59.4463
59.4547
59.4631
59.4715
59.4799
59.4884
59.4968
59.5052
59.5136
59.522
59.5304
59.5388
59.5472
17.8641
19.3641
20.8641
22.3641
23.8641
25.3641
26.8641
28.3641
29.8641
29.8809
29.8976
29.9143
29.9311
29.9478
29.9645
29.9811
29.9978
30.0145
30.0312
30.0478
30.0644
30.0811
30.0977
30.1143
30.1309
30.1475
30.1641
30.1807
30.1972
30.2138
30.2303
30.2469
30.2634
30.2799
30.2964
30.3129
30.3294
30.3459
30.3624
30.3789
30.3953
30.4118
30.4282
30.4447
30.4611
30.4775
30.4939
30.5103
30.5267
30.5431
30.5594
30.5758
30.5921
30.6085
30.6248
30.6412
30.6575
30.6738
30.6901
30.7064
30.7227
30.7389
30.7552
30.7715
30.7877
30.8039
30.8202
30.8364
30.8526
30.8688
30.885
30.9012
30.9174
30.9336
30.9497
30.9659
9.28976
10.7898
12.2898
13.7898
15.2898
16.7898
16.8195
16.8493
16.8789
16.9086
16.9381
16.9677
16.9971
17.0265
17.0559
17.0852
17.1145
17.1437
17.1729
17.202
17.2311
17.2601
17.289
17.318
17.3468
17.3757
17.4044
17.4332
17.4618
17.4905
17.5191
17.5476
17.5761
17.6045
17.6329
17.6613
17.6896
17.7179
17.7461
17.7743
17.8024
17.8305
17.8585
17.8865
17.9145
17.9424
17.9703
17.9981
18.0259
18.0536
18.0813
18.1089
18.1366
18.1641
18.1917
18.2191
18.2466
18.274
18.3013
18.3287
18.3559
18.3832
18.4104
18.4375
18.4647
18.4917
18.5188
18.5458
18.5727
18.5997
18.6265
18.6534
18.6802
18.707
18.7337
18.7604
18.787
18.8136
18.8402
18.8668
18.8933
18.9197
18.9461
18.9725
18.9989
19.0252
19.0515
19.0777
19.1039
19.1301
19.1563
19.1824
19.2084
19.2345
19.2604
19.2864
19.3123
19.3382
19.3641
19.3899
19.4157
19.4414
19.4672
19.4928
19.5185
19.5441
19.5697
19.5952
19.6208
19.6462
19.6717
19.6971
19.7225
19.7478
19.7732
19.7984
19.8237
19.8489
19.8741
19.8993
19.9244
19.9495
19.9746
19.9996
20.0246
20.0496
20.0745
20.0994
20.1243
20.1491
20.1739
20.1987
20.2235
20.2482
20.2729
20.2976
20.3222
20.3468
20.3714
20.3959
20.4204
20.4449
20.4694
20.4938
20.5182
20.5426
20.5669
20.5912
20.6155
20.6398
20.664
20.6882
20.7123
20.7365
20.7606
20.7847
20.8087
20.8328
20.8568
20.8807
20.9047
20.9286
20.9525
20.9764
21.0002
21.024
6.3072
7.8072
9.3072
10.8072
10.8535
10.8995
10.9454
10.9911
11.0366
11.0819
11.127
11.1719
11.2167
11.2613
11.3057
11.3499
11.3939
11.4378
11.4815
11.5251
11.5685
11.6117
11.6548
11.6977
11.7404
11.783
11.8254
11.8677
11.9098
11.9518
11.9937
12.0353
12.0769
12.1183
12.1595
12.2007
12.2417
12.2825
12.3232
12.3638
12.4042
12.4445
12.4847
12.5248
12.5647
12.6045
12.6441
12.6837
12.7231
12.7624
12.8016
12.8406
12.8796
12.9184
12.9571
12.9957
13.0342
13.0725
13.1108
13.1489
13.1869
13.2249
13.2627
13.3004
13.338
13.3754
13.4128
13.4501
13.4873
13.5243
13.5613
13.5982
13.635
13.6716
13.7082
13.7447
13.781
13.8173
13.8535
13.8896
13.9256
13.9615
13.9973
14.033
14.0687
14.1042
14.1397
14.175
14.2103
14.2455
14.2806
14.3156
14.3505
14.3854
14.4201
14.4548
14.4894
14.5239
14.5583
14.5927
14.6269
14.6611
14.6952
14.7292
14.7632
14.7971
14.8308
14.8646
14.8982
14.9318
14.9652
4.48957
5.98957
7.48957
7.55633
7.6225
7.6881
7.75313
7.81762
7.88158
7.94502
8.00795
8.07039
8.13235
8.19383
8.25485
8.31542
8.37555
8.43525
8.49452
8.55338
8.61184
8.6699
8.72757
8.78486
8.84178
8.89833
8.95452
9.01035
9.06585
9.121
9.17582
9.23031
9.28448
9.33833
9.39187
9.44511
9.49805
9.55069
9.60304
9.65511
9.7069
9.75841
9.80964
9.86061
9.91132
9.96177
10.012
10.0619
10.1116
10.161
10.2102
10.2592
10.308
10.3565
10.4047
10.4528
10.5006
10.5482
10.5956
10.6428
10.6898
10.7366
10.7832
10.8295
10.8757
10.9217
10.9675
11.013
11.0584
11.1037
11.1487
11.1935
11.2382
11.2827
11.327
11.3712
11.4151
11.4589
11.5026
11.546
11.5893
11.6325
11.6755
11.7183
11.761
11.8035
11.8458
11.888
11.9301
11.972
12.0138
12.0554
12.0969
12.1382
12.1794
12.2204
12.2614
12.3021
12.3428
12.3833
12.4237
12.4639
12.504
12.544
12.5839
12.6236
12.6632
12.7027
12.7421
12.7813
12.8204
12.8594
12.8983
12.9371
12.9757
13.0143
13.0527
13.091
13.1292
13.1673
13.2052
13.2431
13.2808
13.3185
13.356
13.3935
13.4308
13.468
13.5052
13.5422
13.5791
13.6159
13.6526
13.6893
13.7258
4.11774
5.61774
7.11774
7.18798
7.25755
7.32644
7.39469
7.4623
7.5293
7.59571
7.66154
7.7268
7.79151
7.85568
7.91933
7.98247
8.0451
8.10725
8.16893
8.23013
8.29089
8.35119
8.41107
8.47051
8.52954
8.58816
8.64638
8.70421
2.61126
4.11126
5.61126
5.70037
5.78808
5.87447
5.95958
6.04348
6.12621
6.20783
6.28837
6.36788
6.4464
6.52397
6.60061
6.67636
6.75125
6.82531
6.89857
6.97104
7.04277
7.11376
7.18405
7.25365
7.32258
7.39086
7.45851
7.52555
7.59199
7.65785
7.72314
7.78788
7.85209
7.91576
7.97893
8.04159
8.10377
8.16547
8.2267
8.28748
8.34781
8.40771
8.46718
8.52623
8.58487
8.64311
8.70096
8.75843
8.81552
8.87223
8.92859
8.98459
9.04024
9.09555
9.15052
9.20516
9.25948
9.31348
9.36716
9.42054
9.47362
9.5264
9.57888
9.63108
9.68299
9.73463
9.78599
9.83709
9.88792
9.93848
9.98879
10.0388
10.0887
10.1382
10.1875
10.2366
10.2855
10.3341
10.3825
10.4306
10.4785
10.5263
10.5738
10.6211
10.6681
10.715
10.7617
10.8081
10.8544
10.9004
10.9463
10.992
11.0375
11.0828
11.1279
11.1728
11.2176
11.2622
11.3065
11.3508
11.3948
11.4387
11.4824
11.526
11.5693
11.6126
11.6556
11.6985
11.7413
11.7838
11.8263
11.8685
11.9107
11.9527
11.9945
12.0362
12.0777
12.1191
12.1604
12.2015
12.2425
12.2833
12.324
12.3646
12.405
12.4453
12.4855
12.5255
12.5655
12.6053
12.6449
12.6845
3.80534
5.30534
6.80534
2.0416
3.5416
3.68278
3.81855
3.94949
4.07609
4.19875
4.31784
4.43363
4.54641
4.65639
4.76377
4.86872
4.97142
5.072
5.17058
5.26728
5.3622
5.45545
5.5471
5.63724
5.72593
5.81325
5.89927
5.98402
6.06758
6.14998
6.23128
6.31152
6.39074
1.91722
3.41722
3.56354
3.70385
3.83885
3.96909
4.09507
4.21716
4.33573
4.45105
4.56338
4.67295
4.77995
4.88455
4.98692
5.08718
5.18546
5.28189
5.37655
5.46955
5.56096
5.65087
5.73936
5.82647
5.91229
5.99686
6.08024
6.16247
6.24361
6.32369
6.40276
6.48085
6.558
6.63424
6.70961
6.78413
6.85783
6.93074
7.00288
7.07428
7.14496
7.21494
7.28424
7.35288
7.42088
7.48826
7.55503
7.62121
7.68682
7.75186
7.81636
7.88033
7.94378
8.00672
8.06917
8.13113
8.19263
8.25366
8.31424
8.37437
8.43408
8.49336
8.55223
8.6107
8.66876
8.72644
8.78374
8.84066
8.89722
8.95342
9.00926
9.06476
9.11992
9.17474
9.22924
9.28342
9.33728
9.39083
2.81725
4.31725
5.81725
5.9032
5.9879
6.0714
6.15375
6.23501
6.3152
6.39437
6.47257
6.54981
6.62615
6.70161
6.77622
2.03287
3.53287
3.67439
3.81047
3.94169
4.06854
4.19143
4.31072
4.42671
4.53966
4.6498
4.75734
4.86244
4.96527
5.06596
5.16466
5.26147
5.3565
5.44985
5.54159
5.63182
5.7206
5.80801
5.89409
5.97892
6.06255
6.14503
6.22639
6.3067
6.38598
6.46427
6.54162
6.61805
6.69361
6.7683
6.84218
6.91525
6.98756
7.05911
7.12994
7.20007
7.26951
7.33829
7.40643
7.47394
7.54084
7.60714
7.67287
7.73804
7.80265
7.86673
7.93029
7.99334
8.05589
8.11796
8.17955
8.24068
8.30135
8.36159
8.42138
8.48076
8.53971
8.59826
8.65641
8.71417
8.77155
8.82855
8.88519
8.94146
8.99738
9.05295
9.10818
9.16308
9.21765
9.27189
9.32582
9.37943
9.43274
9.48575
9.53846
9.59088
9.64301
9.69486
9.74643
9.79773
9.84877
9.89953
9.95004
10.0003
10.0503
10.1
10.1495
10.1988
10.2478
10.2966
10.3452
10.3935
10.4416
10.4895
10.5372
10.5846
10.6319
10.6789
10.7257
10.7723
10.8187
10.865
10.911
10.9568
11.0024
11.0479
11.0931
11.1382
11.1831
11.2278
11.2723
11.3167
11.3609
11.4049
11.4487
11.4924
11.5359
11.5793
11.6224
11.6655
11.7083
11.751
11.7936
11.836
11.8782
11.9203
11.9623
12.0041
12.0457
12.0872
12.1286
12.1698
12.2109
12.2518
12.2927
12.3333
12.3739
12.4143
12.4546
12.4947
12.5347
12.5746
12.6144
12.654
12.6935
12.7329
12.7722
12.8113
12.8503
12.8893
12.9281
12.9667
13.0053
13.0437
13.0821
13.1203
13.1584
13.1964
13.2343
13.2721
13.3097
13.3473
13.3848
13.4221
13.4594
13.4965
13.5336
13.5705
13.6074
13.6441
13.6807
13.7173
13.7537
13.7901
13.8264
13.8625
13.8986
13.9346
13.9704
14.0062
14.0419
14.0775
14.1131
14.1485
14.1838
14.2191
14.2542
14.2893
14.3243
14.3592
14.394
14.4288
14.4634
14.498
14.5325
14.5669
14.6012
14.6355
14.6696
14.7037
14.7377
14.7716
14.8055
14.8393
14.873
14.9066
14.9401
14.9736
15.007
15.0403
15.0735
15.1067
15.1398
15.1728
15.2058
15.2387
15.2715
15.3042
4.59126
6.09126
7.59126
9.09126
9.14626
9.20093
9.25527
9.30929
9.363
9.41641
9.46951
9.52231
9.57481
9.62703
9.67897
9.73063
9.78201
9.83313
9.88398
9.93456
9.98489
10.035
10.0848
10.1344
10.1837
10.2328
10.2817
10.3303
10.3787
10.4269
10.4748
10.5226
10.5701
10.6174
10.6645
10.7114
10.758
10.8045
10.8508
10.8969
10.9428
10.9885
11.034
11.0793
11.1244
11.1693
11.2141
11.2587
11.3031
11.3473
11.3914
11.4353
11.479
11.5226
11.566
11.6092
11.6523
11.6952
11.7379
11.7805
11.823
11.8653
11.9074
11.9494
11.9912
12.0329
12.0745
12.1159
12.1572
12.1983
12.2393
12.2801
12.3209
12.3614
12.4019
12.4422
12.4824
12.5224
12.5624
12.6022
12.6418
12.6814
12.7208
12.7601
12.7993
12.8384
12.8773
12.9162
12.9549
12.9935
13.0319
13.0703
13.1086
13.1467
13.1847
13.2227
13.2605
13.2982
13.3358
13.3733
13.4107
13.4479
13.4851
13.5222
13.5592
13.5961
13.6328
13.6695
13.7061
13.7426
13.7789
13.8152
13.8514
13.8875
13.9235
13.9594
13.9953
14.031
14.0666
14.1022
14.1376
14.173
14.2083
14.2435
14.2786
14.3136
14.3485
14.3834
14.4181
14.4528
14.4874
14.5219
14.5563
14.5907
14.625
14.6591
14.6932
14.7273
14.7612
14.7951
14.8289
14.8626
14.8963
14.9298
14.9633
14.9967
15.0301
15.0633
15.0965
15.1296
15.1627
15.1957
15.2286
15.2614
15.2942
15.3269
15.3595
15.392
15.4245
15.4569
15.4893
15.5216
15.5538
15.5859
4.67578
6.17578
7.67578
9.17578
9.23027
9.28444
9.33829
9.39184
9.44507
9.49801
9.55065
9.60301
9.65507
9.70686
9.75837
9.80961
9.86058
9.91128
9.96173
10.0119
10.0619
10.1116
10.161
10.2102
10.2592
10.3079
10.3564
10.4047
10.4528
10.5006
10.5482
10.5956
10.6428
10.6898
10.7366
10.7831
10.8295
10.8757
10.9216
10.9674
11.013
11.0584
11.1036
11.1487
11.1935
11.2382
11.2827
11.327
11.3711
11.4151
11.4589
11.5025
11.546
11.5893
11.6324
11.6754
11.7183
11.7609
11.8034
11.8458
11.888
11.9301
11.972
12.0137
12.0554
12.0968
12.1382
12.1794
12.2204
12.2613
12.3021
12.3428
12.3833
12.4236
12.4639
3.73916
5.23916
6.73916
6.81336
6.88674
6.95935
7.03119
7.1023
7.1727
7.24241
7.31145
7.37984
7.44759
7.51472
7.58126
7.64721
7.7126
7.77742
7.84171
7.90547
7.96872
8.03147
8.09372
8.1555
8.21681
8.27766
8.33806
8.39803
8.45757
8.51668
8.57539
8.6337
8.69161
8.74914
8.80629
8.86306
8.91948
8.97554
9.03124
9.08661
9.14163
9.19633
9.2507
9.30475
9.35848
9.41191
9.46503
9.51786
9.57039
9.62264
9.6746
9.72628
9.77769
9.82882
9.87969
2.96391
4.46391
5.96391
6.04775
6.13042
6.21198
6.29247
6.37193
6.4504
6.52792
6.60451
6.68022
6.75506
6.82908
6.9023
6.97474
7.04642
7.11738
7.18763
7.2572
7.32609
7.39434
7.46196
7.52897
7.59538
7.66121
7.72647
7.79119
7.85536
7.91901
7.98215
8.04479
8.10694
8.16862
8.22983
2.46895
3.96895
5.46895
5.56037
5.6503
5.73879
5.82591
5.91174
5.99631
6.0797
6.16194
6.24308
6.32317
1.89695
3.39695
3.54414
3.68522
3.8209
3.95176
4.07828
4.20088
4.31991
4.43565
4.54837
4.6583
4.76564
4.87055
4.97321
5.07375
5.1723
5.26897
5.36386
5.45708
5.5487
5.63881
5.72748
5.81478
5.90077
5.98551
6.06904
6.15143
6.23271
6.31293
6.39213
6.47035
6.54763
6.62399
6.69948
6.77411
6.84792
6.92093
6.99318
7.06468
7.13545
7.20552
7.27491
7.34364
7.41173
7.47919
7.54604
7.6123
7.67799
7.74311
7.80768
7.87172
7.93524
7.99825
8.06076
8.12279
8.18435
8.24544
8.30608
8.36628
8.42604
8.48538
8.5443
8.60282
8.66094
8.71867
8.77602
8.83299
8.8896
8.94585
9.00174
9.05728
9.11249
9.16736
9.2219
9.27612
9.33002
9.38361
9.43689
9.48988
9.54257
9.59496
9.64707
9.6989
9.75045
9.80173
9.85275
9.90349
9.95398
10.0042
10.0542
10.1039
10.1534
10.2027
10.2517
10.3004
10.349
10.3973
10.4454
10.4932
10.5409
10.5883
10.6355
10.6826
10.7294
10.776
10.8224
10.8686
10.9146
10.9604
11.006
11.0514
11.0967
11.1417
11.1866
11.2313
11.2758
11.3202
11.3643
11.4083
11.4522
11.4958
11.5393
11.5826
11.6258
11.6688
11.7117
11.7544
11.7969
11.8393
11.8815
11.9236
11.9655
12.0073
12.049
12.0905
12.1318
12.173
12.2141
12.255
12.2958
12.3365
12.377
12.4174
12.4577
12.4978
12.5378
12.5777
12.6175
12.6571
12.6966
12.736
12.7752
12.8144
12.8534
12.8923
12.9311
12.9697
13.0083
13.0467
13.0851
13.1233
13.1614
13.1994
13.2372
13.275
13.3127
13.3502
13.3877
13.425
13.4623
13.4994
13.5365
4.06094
5.56094
7.06094
7.13175
7.20186
7.27129
7.34005
7.40817
7.47566
7.54255
7.60884
7.67455
7.7397
7.8043
7.86837
7.93191
7.99495
8.05749
8.11954
8.18112
8.24224
8.3029
8.36312
8.42291
8.48227
8.54122
8.59976
8.6579
8.71565
8.77302
8.83001
8.88664
8.9429
8.99881
9.05437
9.10959
9.16448
9.21904
9.27328
9.32719
9.3808
9.4341
9.4871
9.5398
9.59222
9.64434
9.69619
9.74775
9.79905
9.85007
9.90083
9.95133
10.0016
10.0516
10.1013
10.1508
10.2001
10.2491
10.2979
10.3464
10.3948
10.4429
10.4907
10.5384
10.5858
10.6331
10.6801
10.7269
10.7735
10.8199
10.8661
10.9122
10.958
11.0036
11.049
11.0943
11.1394
11.1843
11.229
11.2735
11.3178
11.362
11.406
11.4499
11.4935
11.537
11.5804
11.6235
11.6666
11.7094
11.7521
11.7947
11.8371
11.8793
11.9214
11.9633
12.0051
12.0468
12.0883
12.1296
12.1709
12.2119
12.2529
12.2937
12.3344
12.3749
12.4153
12.4556
12.4957
12.5357
12.5756
12.6154
12.655
12.6945
12.7339
12.7732
12.8123
12.8513
12.8903
12.929
12.9677
13.0063
13.0447
13.083
13.1213
13.1594
13.1974
13.2353
13.273
13.3107
13.3483
13.3857
13.4231
13.4603
13.4975
13.5345
13.5715
13.6083
13.645
13.6817
13.7182
13.7547
13.791
13.8273
13.8634
13.8995
13.9355
13.9714
14.0072
14.0428
14.0785
14.114
14.1494
14.1847
14.22
14.2551
14.2902
14.3252
14.3601
14.3949
14.4297
4.3289
5.8289
7.3289
7.39712
7.46472
7.5317
7.59808
7.66389
7.72913
7.79382
7.85797
7.9216
7.98472
8.04734
8.10947
8.17113
8.23232
8.29306
8.35335
8.41321
8.47264
8.53165
8.59025
8.64846
8.70627
8.7637
8.82076
8.87744
8.93376
8.98973
9.04535
9.10063
9.15557
9.21018
9.26447
9.31844
9.3721
9.42544
9.47849
9.53124
9.5837
9.63587
9.68776
9.73938
9.79071
9.84178
9.89259
9.94313
9.99342
10.0434
10.0932
10.1428
10.1921
10.2411
10.2899
10.3385
10.3869
10.435
10.483
10.5307
10.5781
10.6254
10.6725
10.7193
10.7659
10.8124
10.8586
10.9047
10.9505
10.9962
11.0417
11.0869
11.132
11.177
11.2217
11.2663
11.3106
11.3548
11.3989
11.4427
11.4864
11.53
11.5733
11.6165
11.6596
11.7025
11.7452
11.7878
11.8302
11.8724
11.9145
11.9565
11.9983
12.04
12.0815
12.1229
12.1642
12.2053
12.2462
12.2871
12.3278
12.3683
12.4087
12.449
12.4892
12.5292
12.5691
12.6089
12.6486
12.6881
12.7275
12.7668
12.806
12.845
12.8839
12.9227
12.9614
13
13.0385
13.0768
13.115
13.1532
13.1912
13.2291
13.2669
13.3046
13.3422
13.3796
13.417
13.4543
13.4914
13.5285
13.5655
13.6023
13.6391
13.6757
13.7123
13.7488
13.7851
13.8214
13.8576
13.8936
13.9296
13.9655
14.0013
14.037
14.0727
14.1082
14.1436
14.179
14.2142
14.2494
14.2845
14.3195
14.3544
14.3893
14.424
14.4587
14.4933
14.5278
14.5622
14.5965
14.6308
14.6649
14.699
14.7331
14.767
14.8008
14.8346
14.8683
14.902
14.9355
14.969
15.0024
15.0357
15.069
15.1022
15.1353
15.1683
15.2013
15.2342
15.267
15.2997
4.58992
6.08992
7.58992
9.08992
9.14492
9.1996
9.25395
9.30798
9.3617
9.41511
9.46821
9.52102
9.57354
9.62576
9.67771
9.72937
9.78076
9.83188
9.88274
9.93333
9.98367
10.0338
10.0836
10.1332
10.1825
10.2316
10.2805
10.3291
10.3775
10.4257
10.4737
10.5214
10.5689
10.6162
10.6633
10.7102
10.7569
10.8034
10.8497
10.8958
10.9416
10.9873
11.0328
11.0782
11.1233
11.1683
11.213
11.2576
11.302
11.3463
11.3903
11.4342
11.478
11.5215
11.5649
11.6082
11.6512
11.6941
11.7369
11.7795
11.8219
11.8642
11.9064
11.9484
11.9902
12.0319
12.0735
12.1149
12.1562
12.1973
12.2383
12.2791
12.3199
12.3604
12.4009
12.4412
12.4814
12.5215
12.5614
12.6012
12.6409
12.6804
12.7199
12.7592
12.7984
12.8374
12.8764
12.9152
12.9539
12.9925
13.031
13.0694
13.1076
13.1458
13.1838
13.2217
13.2596
13.2973
13.3349
13.3724
13.4098
13.447
13.4842
13.5213
13.5583
13.5952
13.6319
13.6686
13.7052
13.7417
13.7781
13.8144
13.8505
13.8866
13.9227
13.9586
13.9944
14.0301
14.0658
14.1013
14.1368
14.1721
14.2074
14.2426
14.2777
14.3127
14.3477
14.3825
14.4173
14.452
14.4865
14.5211
14.5555
14.5898
14.6241
14.6583
14.6924
14.7264
14.7604
14.7943
14.8281
14.8618
14.8954
14.929
14.9625
14.9959
15.0293
15.0625
15.0957
15.1288
15.1619
15.1949
15.2278
15.2606
15.2934
15.3261
15.3587
15.3912
15.4237
15.4561
15.4885
15.5208
15.553
15.5851
15.6172
15.6492
15.6812
15.7131
15.7449
15.7767
15.8083
15.84
15.8715
15.903
15.9345
15.9659
15.9972
16.0284
16.0596
16.0908
16.1218
16.1529
16.1838
16.2147
16.2455
16.2763
16.307
16.3377
16.3683
16.3988
16.4293
16.4598
16.4901
16.5205
16.5507
16.5809
16.6111
16.6412
16.6712
16.7012
16.7312
16.7611
16.7909
16.8207
16.8504
16.8801
16.9097
16.9393
16.9688
16.9982
17.0277
17.057
17.0863
17.1156
17.1448
17.174
17.2031
17.2321
17.2612
17.2901
17.319
17.3479
17.3767
17.4055
17.4342
17.4629
17.4916
17.5201
17.5487
17.5772
17.6056
17.634
17.6624
17.6907
17.7189
17.7472
17.7753
17.8035
17.8315
17.8596
17.8876
17.9155
17.9434
17.9713
17.9991
18.0269
18.0546
18.0823
18.11
18.1376
18.1652
18.1927
18.2202
18.2476
18.275
18.3024
18.3297
18.357
18.3842
18.4114
18.4386
18.4657
18.4928
18.5198
18.5468
18.5738
18.6007
18.6276
18.6544
18.6812
18.708
18.7347
18.7614
18.788
18.8146
18.8412
18.8678
18.8943
18.9207
18.9471
18.9735
18.9999
19.0262
19.0525
19.0787
19.1049
19.1311
19.1572
19.1833
19.2094
19.2354
19.2614
19.2874
19.3133
19.3392
19.3651
19.3909
19.4167
19.4424
19.4681
19.4938
19.5195
19.5451
19.5707
19.5962
19.6217
19.6472
19.6727
5.9018
7.4018
8.9018
10.4018
10.4499
10.4977
10.5453
10.5928
10.64
10.687
10.7337
10.7803
10.8267
10.8729
10.9189
10.9647
11.0103
11.0557
11.1009
11.1459
11.1908
11.2355
11.28
11.3243
11.3685
11.4124
11.4563
11.4999
11.5434
11.5867
11.6298
11.6728
11.7157
11.7583
11.8009
11.8432
11.8855
11.9275
11.9694
12.0112
12.0528
12.0943
12.1357
12.1769
12.2179
12.2589
12.2996
12.3403
12.3808
12.4212
12.4615
12.5016
12.5416
12.5814
12.6212
12.6608
12.7003
12.7397
12.7789
12.818
12.857
12.8959
12.9347
12.9734
13.0119
13.0503
13.0886
13.1268
13.1649
13.2029
13.2408
13.2785
13.3162
13.3537
13.3912
13.4285
13.4658
13.5029
13.5399
13.5768
13.6137
13.6504
13.687
13.7236
13.76
13.7963
13.8326
13.8687
4.16062
5.66062
7.16062
7.23044
7.29959
7.36809
7.43595
7.50319
7.56983
7.63588
7.70136
7.76629
7.83067
7.89452
7.95785
8.02069
8.08302
8.14488
8.20627
8.2672
8.32768
8.38772
8.44733
8.50652
8.5653
8.62367
8.68165
8.73925
8.79646
8.8533
8.90978
8.9659
9.02166
9.07708
9.13217
9.18692
9.24135
9.29545
9.34924
9.40272
9.4559
9.50877
9.56136
9.61365
9.66566
9.71739
2.91522
4.41522
5.91522
5.99974
6.08308
6.16528
6.24638
6.32642
6.40546
6.48351
6.56063
6.63685
6.71218
6.78667
6.86035
6.93323
7.00535
7.07672
7.14737
7.21733
7.28661
7.35523
7.42321
7.49056
7.55731
7.62347
7.68906
7.75409
7.81857
7.88252
7.94595
8.00888
8.07131
8.13326
8.19473
