k_i = 4 ,k_m = 1.5 ,k_n = 1 ,k_f= 0.3 ,p_s =  0.01 ,t = 3000
4
5.5
7
8.5
10
11.5
13
14.5
16
17.5
19
20.5
22
23.5
25
26.5
28
29.5
31
32.5
34
35.5
37
38.5
40
41.5
43
44.5
46
47.5
49
50.5
52
53.5
55
56.5
58
59.5
61
62.5
64
65.5
67
68.5
70
71.5
73
74.5
76
77.5
79
80.5
82
83.5
85
86.5
88
89.5
91
92.5
94
95.5
97
98.5
100
101.5
103
104.5
106
107.5
109
110.5
112
113.5
115
116.5
118
119.5
121
122.5
124
125.5
127
128.5
130
131.5
133
134.5
136
137.5
139
140.5
142
143.5
145
146.5
148
149.5
151
152.5
154
155.5
157
158.5
160
161.5
163
164.5
166
167.5
169
170.5
172
173.5
175
176.5
178
179.5
181
182.5
184
185.5
187
188.5
190
191.5
193
194.5
196
197.5
199
200.5
202
203.5
205
206.5
208
209.5
211
212.5
214
215.5
217
218.5
220
221.5
223
224.5
226
227.5
229
230.5
232
233.5
235
236.5
238
239.5
241
242.5
244
245.5
247
248.5
250
251.5
253
254.5
256
257.5
259
260.5
262
263.5
265
266.5
268
269.5
271
272.5
274
275.5
277
278.5
280
281.5
283
284.5
286
287.5
289
290.5
292
293.5
295
296.5
298
299.5
301
302.5
304
305.5
307
308.5
310
311.5
313
314.5
316
317.5
319
320.5
322
323.5
325
326.5
328
329.5
331
332.5
334
335.5
337
338.5
340
341.5
343
344.5
346
347.5
349
350.5
352
353.5
355
356.5
358
359.5
361
362.5
364
365.5
367
368.5
370
371.5
373
374.5
376
377.5
379
380.5
382
383.5
385
386.5
388
389.5
391
392.5
394
395.5
397
398.5
400
401.5
403
404.5
406
407.5
409
410.5
412
413.5
415
416.5
418
419.5
421
422.5
424
425.5
427
428.5
430
431.5
433
434.5
436
437.5
439
440.5
442
443.5
445
446.5
448
449.5
451
452.5
135.75
137.25
138.75
140.25
141.75
143.25
144.75
146.25
147.75
149.25
150.75
152.25
153.75
155.25
156.75
158.25
159.75
161.25
162.75
164.25
165.75
167.25
168.75
170.25
171.75
173.25
174.75
176.25
177.75
179.25
180.75
182.25
183.75
185.25
186.75
188.25
189.75
191.25
192.75
194.25
195.75
197.25
198.75
200.25
201.75
203.25
204.75
206.25
207.75
209.25
210.75
212.25
213.75
215.25
216.75
218.25
219.75
221.25
222.75
224.25
225.75
227.25
227.254
227.259
227.263
227.268
227.272
227.276
227.281
227.285
227.29
227.294
227.298
227.303
227.307
227.312
227.316
227.32
227.325
227.329
227.334
227.338
227.342
227.347
227.351
227.356
227.36
227.364
227.369
227.373
227.378
227.382
227.386
227.391
227.395
227.4
227.404
227.408
227.413
227.417
227.422
227.426
227.43
227.435
227.439
227.444
227.448
227.452
227.457
227.461
227.466
227.47
227.474
68.2423
69.7423
71.2423
72.7423
74.2423
75.7423
77.2423
78.7423
80.2423
81.7423
83.2423
84.7423
86.2423
87.7423
89.2423
90.7423
92.2423
93.7423
95.2423
96.7423
98.2423
99.7423
101.242
102.742
104.242
105.742
107.242
108.742
110.242
111.742
113.242
114.742
114.751
114.76
114.768
114.777
114.786
114.795
114.803
114.812
114.821
114.829
114.838
114.847
114.856
114.864
114.873
114.882
114.89
114.899
114.908
114.916
114.925
114.934
114.943
114.951
114.96
114.969
114.977
114.986
114.995
115.003
115.012
115.021
115.03
115.038
115.047
115.056
115.064
115.073
115.082
115.09
115.099
115.108
115.116
115.125
115.134
115.143
115.151
115.16
115.169
115.177
115.186
115.195
115.203
115.212
115.221
115.229
115.238
115.247
115.255
115.264
115.273
115.281
115.29
115.299
115.307
115.316
115.325
115.333
115.342
115.351
115.359
115.368
115.377
115.385
115.394
115.403
115.411
115.42
115.429
115.437
115.446
115.455
115.463
115.472
34.6416
36.1416
37.6416
39.1416
40.6416
42.1416
43.6416
45.1416
46.6416
48.1416
49.6416
51.1416
52.6416
54.1416
55.6416
57.1416
58.6416
58.6587
58.6757
58.6928
58.7098
58.7268
58.7439
58.7609
58.7779
58.7949
58.8119
58.8289
58.8459
58.8629
58.8799
58.8969
58.9139
58.9308
58.9478
58.9648
58.9817
58.9987
59.0156
59.0326
59.0495
59.0665
59.0834
59.1003
59.1172
59.1342
59.1511
59.168
59.1849
59.2018
59.2187
59.2355
59.2524
59.2693
59.2862
59.303
59.3199
59.3368
59.3536
59.3705
59.3873
59.4041
59.421
59.4378
59.4546
59.4715
59.4883
59.5051
59.5219
59.5387
59.5555
59.5723
59.5891
59.6058
59.6226
59.6394
59.6562
59.6729
59.6897
59.7064
59.7232
59.7399
59.7567
59.7734
59.7901
59.8069
59.8236
59.8403
59.857
59.8737
59.8904
59.9071
59.9238
59.9405
59.9572
59.9738
59.9905
60.0072
60.0239
60.0405
60.0572
60.0738
60.0905
60.1071
60.1237
60.1404
60.157
60.1736
60.1902
60.2069
60.2235
60.2401
60.2567
60.2733
60.2899
60.3065
60.323
60.3396
60.3562
60.3728
60.3893
60.4059
60.4224
60.439
60.4555
60.4721
60.4886
60.5051
60.5217
60.5382
60.5547
60.5712
60.5877
60.6042
60.6207
60.6372
60.6537
60.6702
18.2011
19.7011
21.2011
22.7011
24.2011
25.7011
27.2011
28.7011
30.2011
31.7011
31.7326
31.7641
31.7956
31.8271
31.8585
31.8899
31.9212
31.9525
31.9838
32.0151
32.0463
32.0775
32.1087
32.1399
32.171
32.2021
32.2331
32.2641
32.2951
32.3261
32.357
32.3879
32.4188
32.4497
32.4805
32.5113
32.542
32.5728
32.6035
32.6341
32.6648
32.6954
32.726
32.7565
32.7871
32.8176
32.848
32.8785
32.9089
32.9393
32.9696
33
33.0303
33.0605
33.0908
33.121
33.1512
33.1814
33.2115
33.2416
33.2717
33.3018
33.3318
33.3618
33.3918
33.4217
33.4516
33.4815
33.5114
33.5412
33.571
33.6008
33.6306
33.6603
33.69
33.7197
10.1159
11.6159
13.1159
14.6159
16.1159
17.6159
17.6727
17.7293
17.7857
17.8419
17.8979
17.9538
18.0095
18.065
18.1204
18.1756
18.2306
18.2855
18.3401
18.3947
18.449
18.5032
18.5573
18.6112
18.6649
18.7185
18.7719
18.8252
18.8783
18.9313
18.9841
19.0368
19.0893
19.1417
19.1939
19.246
19.298
19.3498
19.4015
19.453
19.5044
19.5557
19.6068
19.6578
19.7087
19.7594
19.81
19.8605
19.9109
19.9611
20.0112
20.0612
20.111
20.1607
20.2103
20.2598
20.3092
20.3584
20.4075
20.4565
20.5054
20.5542
20.6028
20.6514
20.6998
20.7481
20.7963
20.8444
20.8924
20.9402
20.988
21.0356
21.0832
21.1306
21.1779
21.2252
21.2723
21.3193
21.3662
21.413
21.4597
21.5063
21.5528
21.5992
21.6455
21.6917
21.7378
21.7838
21.8297
21.8755
21.9212
21.9668
22.0123
22.0578
22.1031
22.1484
22.1935
22.2386
22.2835
22.3284
22.3732
22.4179
22.4625
22.507
22.5514
22.5958
22.64
22.6842
22.7283
22.7723
22.8162
22.86
22.9038
22.9474
22.991
23.0345
23.0779
23.1213
23.1645
23.2077
23.2508
23.2938
23.3367
23.3796
23.4223
23.465
23.5076
23.5502
23.5926
23.635
23.6773
23.7196
23.7617
23.8038
23.8458
23.8878
23.9296
23.9714
24.0131
24.0548
24.0963
24.1378
24.1793
24.2206
24.2619
24.3031
24.3443
24.3854
24.4264
24.4673
24.5082
24.549
24.5897
24.6304
24.671
24.7115
24.752
24.7924
24.8327
24.873
24.9132
24.9533
24.9934
25.0334
25.0734
25.1133
7.53398
9.03398
10.534
12.034
13.534
13.6079
13.6814
13.7544
13.8271
13.8995
13.9714
14.043
14.1142
14.185
14.2555
14.3257
14.3955
14.465
14.5341
14.6029
14.6714
14.7395
14.8074
14.8749
14.9421
15.0091
15.0757
15.142
15.2081
15.2738
15.3393
15.4045
15.4694
15.534
15.5984
15.6625
15.7264
15.79
15.8533
15.9164
15.9792
16.0418
16.1041
16.1662
16.2281
16.2897
16.3511
16.4122
16.4732
16.5339
16.5944
16.6546
16.7147
16.7745
16.8341
16.8935
16.9527
17.0117
17.0705
17.1291
17.1874
17.2456
17.3036
17.3614
17.419
17.4764
17.5336
17.5907
17.6475
17.7042
17.7607
17.817
17.8731
17.929
17.9848
18.0404
18.0958
18.1511
18.2062
18.2611
18.3159
18.3705
18.4249
18.4792
18.5333
18.5873
18.6411
18.6947
18.7482
18.8015
18.8547
18.9078
18.9607
19.0134
19.066
19.1184
19.1707
19.2229
19.2749
19.3268
19.3785
19.4302
19.4816
19.5329
19.5841
19.6352
19.6861
19.7369
19.7876
19.8381
19.8885
5.96656
7.46656
8.96656
10.4666
10.5621
10.6568
10.7506
10.8436
10.9359
11.0273
11.118
11.2079
11.2972
11.3857
11.4735
11.5607
11.6472
11.733
11.8182
11.9029
11.9869
12.0703
12.1531
12.2354
12.3172
12.3983
12.479
12.5591
12.6388
12.7179
12.7965
12.8747
12.9523
13.0295
13.1063
13.1826
13.2584
13.3339
13.4089
13.4834
13.5576
13.6314
13.7047
13.7777
13.8503
13.9225
13.9943
14.0658
14.1369
14.2076
14.278
14.348
14.4177
14.4871
14.5561
14.6248
14.6932
14.7612
14.829
14.8964
14.9635
15.0304
15.0969
15.1631
15.2291
15.2948
15.3601
15.4252
15.4901
15.5546
15.6189
15.6829
15.7467
15.8102
15.8735
15.9365
15.9992
16.0617
16.124
16.186
16.2478
16.3093
16.3706
16.4317
16.4926
16.5532
16.6136
16.6738
16.7338
16.7935
16.8531
16.9124
16.9716
17.0305
17.0892
17.1477
17.206
17.2641
17.3221
17.3798
17.4373
17.4947
17.5518
17.6088
17.6656
17.7222
17.7786
17.8349
17.891
17.9469
18.0026
18.0581
18.1135
18.1687
18.2237
18.2786
18.3333
18.3879
18.4423
18.4965
18.5505
18.6045
18.6582
18.7118
18.7652
18.8185
18.8717
18.9247
18.9775
19.0302
19.0827
19.1351
19.1874
19.2395
19.2915
5.78745
7.28745
8.78745
10.2875
10.3847
10.481
10.5764
10.6709
10.7646
10.8575
10.9496
11.041
11.1315
11.2214
11.3105
11.3989
11.4866
11.5737
11.6601
11.7458
11.831
11.9155
11.9994
12.0828
12.1655
12.2477
12.3294
12.4105
3.72314
5.22314
6.72314
6.87188
7.0174
7.15991
7.29957
7.43657
7.57104
7.70312
7.83294
7.9606
8.08622
8.20989
8.33169
8.45172
8.57004
8.68672
8.80184
8.91545
9.02762
9.13839
9.24782
9.35595
9.46284
9.56851
9.67302
9.7764
9.87869
9.97992
10.0801
10.1793
10.2776
10.3749
10.4712
10.5667
10.6614
10.7552
10.8482
10.9403
11.0317
11.1224
11.2123
11.3015
11.39
11.4778
11.5649
11.6514
11.7372
11.8224
11.907
11.991
12.0744
12.1572
12.2394
12.3211
12.4023
12.4829
12.563
12.6426
12.7217
12.8003
12.8785
12.9561
13.0333
13.11
13.1863
13.2621
13.3375
13.4125
13.4871
13.5612
13.635
13.7083
13.7812
13.8538
13.926
13.9978
14.0692
14.1403
14.211
14.2814
14.3514
14.4211
14.4904
14.5595
14.6281
14.6965
14.7645
14.8323
14.8997
14.9668
15.0336
15.1001
15.1664
15.2323
15.298
15.3633
15.4284
15.4932
15.5578
15.622
15.6861
15.7498
15.8133
15.8765
15.9395
16.0023
16.0648
16.127
16.189
16.2508
16.3123
16.3736
16.4347
16.4955
16.5562
16.6166
16.6767
16.7367
16.7965
16.856
16.9153
16.9744
17.0333
17.0921
17.1506
17.2089
17.267
17.3249
17.3826
17.4401
5.23204
6.73204
8.23204
2.46961
3.96961
5.46961
5.65244
5.82936
6.0009
6.16754
6.32968
6.48767
6.64181
6.79237
6.93959
7.08369
7.22486
7.36327
7.49908
7.63243
7.76345
7.89226
8.01897
8.14367
8.26647
8.38744
8.50666
8.62422
8.74017
8.85458
8.96752
9.07903
9.18918
2.75675
4.25675
5.75675
5.93046
6.09908
6.26304
6.42271
6.57841
6.73042
6.879
7.02437
7.16673
7.30626
7.44313
7.57748
7.70945
7.83917
7.96673
8.09225
8.21583
8.33754
8.45748
8.57572
8.69233
8.80737
8.92091
9.03301
9.14372
9.25308
9.36115
9.46798
9.5736
9.67805
9.78138
9.88361
9.98479
10.0849
10.1841
10.2823
10.3795
10.4759
10.5713
10.6659
10.7597
10.8526
10.9448
11.0361
11.1268
11.2166
11.3058
11.3942
11.482
11.5691
11.6555
11.7413
11.8265
11.9111
11.995
12.0784
12.1612
12.2434
12.3251
12.4062
12.4868
12.5669
12.6465
12.7255
12.8041
12.8822
12.9599
13.037
13.1137
13.19
13.2658
13.3412
13.4161
13.4907
13.5648
4.06944
5.56944
7.06944
7.21089
7.34957
7.48563
7.61922
7.75047
7.87949
8.00641
8.13131
8.25429
8.37544
8.49483
8.61255
2.58377
4.08377
5.58377
5.76286
5.93638
6.10483
6.26864
6.42816
6.58373
6.73562
6.88408
7.02935
7.17161
7.31104
7.44782
7.58209
7.71398
7.84362
7.97111
8.09656
8.22007
8.34172
8.4616
8.57978
8.69634
8.81133
8.92482
9.03687
9.14752
9.25684
9.36487
9.47165
9.57723
9.68165
9.78493
9.88713
9.98827
10.0884
10.1875
10.2857
10.3829
10.4792
10.5746
10.6692
10.7629
10.8558
10.948
11.0393
11.1299
11.2197
11.3089
11.3973
11.485
11.5721
11.6585
11.7443
11.8294
11.914
11.9979
12.0813
12.164
12.2462
12.3279
12.409
12.4896
12.5697
12.6492
12.7283
12.8068
12.8849
12.9625
13.0397
13.1164
13.1926
13.2684
13.3438
13.4187
13.4932
13.5674
13.6411
13.7144
13.7873
13.8598
13.932
14.0037
14.0751
14.1462
14.2169
14.2872
14.3572
14.4269
14.4962
14.5652
14.6338
14.7022
14.7702
14.8379
14.9053
14.9724
15.0392
15.1057
15.1719
15.2378
15.3034
15.3687
15.4338
15.4986
15.5631
15.6274
15.6914
15.7551
15.8186
15.8818
15.9447
16.0075
16.0699
16.1322
16.1941
16.2559
16.3174
16.3787
16.4398
16.5006
16.5612
16.6216
16.6817
16.7417
16.8014
16.8609
16.9202
16.9793
17.0382
17.0969
17.1554
17.2137
17.2718
17.3297
17.3874
17.4449
17.5022
17.5594
17.6163
17.6731
17.7297
17.7861
17.8423
17.8983
17.9542
18.0099
18.0654
18.1208
18.176
18.231
18.2858
18.3405
18.3951
18.4494
18.5036
18.5577
18.6115
18.6653
18.7189
18.7723
18.8255
18.8787
18.9316
18.9845
19.0371
19.0897
19.142
19.1943
19.2464
19.2983
19.3502
19.4018
19.4534
19.5048
19.5561
19.6072
19.6582
19.7091
19.7598
19.8104
19.8609
19.9112
19.9615
20.0116
20.0615
20.1114
20.1611
20.2107
20.2602
20.3095
20.3588
20.4079
20.4569
20.5058
20.5545
20.6032
20.6517
20.7002
20.7485
20.7967
20.8447
20.8927
20.9406
20.9883
21.036
21.0835
21.1309
21.1783
21.2255
21.2726
21.3196
21.3665
21.4133
21.46
21.5066
21.5531
21.5995
21.6458
21.692
21.7381
6.52143
8.02143
9.52143
11.0214
11.1122
11.2022
11.2914
11.38
11.4679
11.5551
11.6416
11.7275
11.8128
11.8974
11.9815
12.0649
12.1478
12.2301
12.3119
12.3931
12.4738
12.554
12.6336
12.7128
12.7915
12.8696
12.9473
13.0246
13.1014
13.1777
13.2536
13.329
13.404
13.4786
13.5528
13.6266
13.7
13.773
13.8456
13.9178
13.9897
14.0612
14.1323
14.203
14.2734
14.3435
14.4132
14.4826
14.5517
14.6204
14.6888
14.7569
14.8246
14.8921
14.9592
15.0261
15.0926
15.1589
15.2248
15.2905
15.3559
15.4211
15.4859
15.5505
15.6148
15.6788
15.7426
15.8061
15.8694
15.9324
15.9952
16.0577
16.12
16.182
16.2438
16.3054
16.3667
16.4278
16.4887
16.5493
16.6097
16.6699
16.7299
16.7897
16.8493
16.9086
16.9678
17.0267
17.0854
17.1439
17.2023
17.2604
17.3183
17.3761
17.4336
17.491
17.5482
17.6052
17.662
17.7186
17.775
17.8313
17.8874
17.9433
17.999
18.0546
18.1099
18.1652
18.2202
18.2751
18.3298
18.3844
18.4388
18.493
18.5471
18.601
18.6547
18.7084
18.7618
18.8151
18.8683
18.9213
18.9741
19.0268
19.0794
19.1318
19.184
19.2362
19.2882
19.34
19.3917
19.4433
19.4947
19.546
19.5972
19.6482
19.6991
19.7499
19.8005
19.851
19.9014
19.9516
20.0017
20.0517
20.1016
20.1513
20.201
20.2505
20.2999
20.3491
20.3983
20.4473
20.4962
20.545
20.5937
20.6422
20.6907
20.739
20.7872
20.8353
20.8833
20.9312
20.979
21.0266
6.30799
7.80799
9.30799
10.808
10.9005
10.9923
11.0832
11.1735
11.263
11.3517
11.4398
11.5272
11.614
11.7001
11.7856
11.8704
11.9547
12.0383
12.1214
12.2039
12.2858
12.3672
12.4481
12.5284
12.6082
12.6875
12.7664
12.8447
12.9225
12.9999
13.0768
13.1533
13.2293
13.3049
13.3801
13.4548
13.5292
13.6031
13.6766
13.7497
13.8224
13.8948
13.9667
14.0383
14.1096
14.1804
14.251
14.3211
14.391
14.4605
14.5296
14.5984
14.6669
14.7351
14.803
14.8705
14.9378
15.0047
15.0714
15.1377
15.2038
15.2696
15.335
15.4003
15.4652
15.5299
15.5942
15.6584
15.7222
15.7858
15.8492
15.9123
15.9751
16.0377
16.1001
4.83002
6.33002
7.83002
9.33002
9.4372
9.54317
9.64795
9.7516
9.85415
9.95563
10.0561
10.1555
10.254
10.3515
10.4481
10.5438
10.6387
10.7327
10.8258
10.9182
11.0098
11.1006
11.1907
11.2801
11.3687
11.4567
11.544
11.6306
11.7166
11.8019
11.8867
11.9708
12.0543
12.1373
12.2197
12.3015
12.3828
12.4636
12.5438
12.6235
12.7027
12.7814
12.8597
12.9374
13.0147
13.0916
13.168
13.2439
13.3194
13.3945
13.4691
13.5434
13.6172
13.6907
13.7637
4.12911
5.62911
7.12911
7.26938
7.40695
7.54195
7.67455
7.80485
7.93297
8.05903
8.18311
8.30532
8.42572
8.5444
8.66144
8.77689
8.89083
9.00331
9.11438
9.22409
9.3325
9.43966
9.54559
9.65035
9.75398
9.8565
9.95795
10.0584
10.1578
10.2562
10.3537
10.4503
10.546
10.6408
10.7348
3.22045
4.72045
6.22045
6.38121
6.53792
6.69087
6.84033
6.98652
7.12965
7.26991
7.40746
7.54246
7.67505
2.30251
3.80251
5.30251
5.4911
5.67322
5.84948
6.02044
6.18654
6.34818
6.50571
6.65942
6.80958
6.95643
7.10018
7.24103
7.37913
7.51465
7.64772
7.77848
7.90704
8.03351
8.15798
8.28056
8.40133
8.52036
8.63772
8.75349
8.86773
8.9805
9.09186
9.20184
9.31052
9.41792
9.5241
9.6291
9.73295
9.8357
9.93737
10.038
10.1376
10.2363
10.334
10.4307
10.5266
10.6216
10.7157
10.8091
10.9016
10.9933
11.0843
11.1745
11.264
11.3528
11.4408
11.5282
11.615
11.7011
11.7865
11.8714
11.9556
12.0393
12.1223
12.2048
12.2868
12.3681
12.449
12.5293
12.6091
12.6884
12.7673
12.8456
12.9234
13.0008
13.0777
13.1542
13.2302
13.3058
13.381
13.4557
13.53
13.6039
13.6774
13.7505
13.8233
13.8956
13.9676
14.0392
14.1104
14.1813
14.2518
14.3219
14.3918
14.4613
14.5304
14.5992
14.6677
14.7359
14.8038
14.8713
14.9386
15.0055
15.0721
15.1385
15.2045
15.2703
15.3358
15.401
15.4659
15.5306
15.595
15.6591
15.723
15.7866
15.8499
15.913
15.9758
16.0384
16.1008
16.1629
16.2248
16.2864
16.3478
16.409
16.4699
16.5306
16.5911
16.6514
16.7115
16.7713
16.8309
16.8903
16.9495
17.0085
17.0673
17.1259
17.1843
17.2425
17.3005
17.3583
17.4159
17.4733
17.5306
17.5876
17.6445
17.7011
17.7576
17.8139
17.8701
17.926
17.9818
18.0374
18.0929
18.1481
18.2033
18.2582
18.313
18.3676
18.422
18.4763
18.5304
18.5844
18.6382
18.6918
18.7453
18.7987
18.8519
18.9049
18.9578
19.0106
19.0632
19.1156
19.1679
19.2201
5.76603
7.26603
8.76603
10.266
10.3634
10.4599
10.5555
10.6503
10.7442
10.8372
10.9295
11.021
11.1117
11.2017
11.291
11.3796
11.4675
11.5547
11.6412
11.7271
11.8124
11.897
11.9811
12.0646
12.1474
12.2298
12.3115
12.3928
12.4735
12.5536
12.6333
12.7124
12.7911
12.8693
12.947
13.0242
13.101
13.1773
13.2532
13.3287
13.4037
13.4783
13.5525
13.6263
13.6997
13.7727
13.8453
13.9175
13.9894
14.0608
14.132
14.2027
14.2731
14.3432
14.4129
14.4823
14.5513
14.6201
14.6885
14.7565
14.8243
14.8918
14.9589
15.0258
15.0923
15.1586
15.2245
15.2902
15.3556
15.4208
15.4856
15.5502
15.6145
15.6785
15.7423
15.8058
15.8691
15.9321
15.9949
16.0574
16.1197
16.1817
16.2435
16.3051
16.3664
16.4275
16.4884
16.549
16.6095
16.6697
16.7297
16.7894
16.849
16.9083
16.9675
17.0264
17.0851
17.1437
17.202
17.2601
17.3181
17.3758
17.4334
17.4907
17.5479
17.6049
17.6617
17.7183
17.7748
17.831
17.8871
17.943
17.9987
18.0543
18.1097
18.1649
18.22
18.2748
18.3296
18.3841
18.4385
18.4927
18.5468
18.6007
18.6545
18.7081
18.7616
18.8149
18.868
18.921
18.9739
19.0266
19.0791
19.1315
19.1838
19.2359
19.2879
19.3398
19.3915
19.443
19.4945
19.5458
19.5969
19.648
19.6989
19.7496
19.8003
19.8508
19.9011
19.9514
20.0015
20.0515
20.1014
20.1511
20.2007
20.2502
20.2996
20.3489
20.398
20.4471
20.496
6.14879
7.64879
9.14879
10.6488
10.7427
10.8358
10.9281
11.0196
11.1103
11.2003
11.2896
11.3782
11.4661
11.5533
11.6398
11.7258
11.811
11.8957
11.9798
12.0632
12.1461
12.2285
12.3103
12.3915
12.4722
12.5524
12.632
12.7112
12.7899
12.8681
12.9458
13.023
13.0998
13.1761
13.252
13.3275
13.4025
13.4771
13.5513
13.6251
13.6985
13.7715
13.8441
13.9164
13.9882
14.0597
14.1308
14.2016
14.272
14.3421
14.4118
14.4812
14.5503
14.619
14.6874
14.7555
14.8232
14.8907
14.9579
15.0247
15.0913
15.1575
15.2235
15.2892
15.3546
15.4197
15.4846
15.5492
15.6135
15.6775
15.7413
15.8048
15.8681
15.9311
15.9939
16.0564
16.1187
16.1807
16.2425
16.3041
16.3654
16.4265
16.4874
16.5481
16.6085
16.6687
16.7287
16.7885
16.8481
16.9074
16.9666
17.0255
17.0842
17.1428
17.2011
17.2592
17.3172
17.3749
17.4325
17.4898
17.547
17.604
17.6608
17.7174
17.7739
17.8301
17.8862
17.9421
17.9979
18.0534
18.1088
18.164
18.2191
18.274
18.3287
18.3833
18.4377
18.4919
18.546
18.5999
18.6537
18.7073
18.7607
18.814
18.8672
18.9202
18.973
19.0257
19.0783
19.1307
19.183
19.2351
19.2871
19.3389
19.3907
19.4422
19.4937
19.545
19.5961
19.6472
19.6981
19.7488
19.7995
19.85
19.9003
19.9506
20.0007
20.0507
20.1006
20.1503
20.2
20.2495
20.2989
20.3481
20.3973
20.4463
20.4952
20.544
20.5927
20.6412
20.6897
20.738
20.7862
20.8343
20.8823
20.9302
20.978
21.0257
21.0732
21.1207
21.168
21.2153
21.2624
21.3094
21.3564
21.4032
21.4499
21.4965
21.5431
21.5895
21.6358
21.682
21.7281
6.51844
8.01844
9.51844
11.0184
11.1092
11.1992
11.2885
11.3771
11.465
11.5522
11.6388
11.7247
11.81
11.8947
11.9787
12.0622
12.1451
12.2274
12.3092
12.3905
12.4712
12.5514
12.631
12.7102
12.7889
12.8671
12.9448
13.022
13.0988
13.1752
13.2511
13.3265
13.4016
13.4762
13.5504
13.6242
13.6976
13.7706
13.8432
13.9155
13.9873
14.0588
14.13
14.2007
14.2711
14.3412
14.4109
14.4803
14.5494
14.6181
14.6865
14.7546
14.8224
14.8899
14.957
15.0239
15.0904
15.1567
15.2227
15.2884
15.3538
15.4189
15.4838
15.5484
15.6127
15.6767
15.7405
15.804
15.8673
15.9303
15.9931
16.0556
16.1179
16.18
16.2418
16.3033
16.3647
16.4258
16.4867
16.5473
16.6078
16.668
16.728
16.7877
16.8473
16.9067
16.9658
17.0248
17.0835
17.142
17.2004
17.2585
17.3164
17.3742
17.4318
17.4891
17.5463
17.6033
17.6601
17.7167
17.7732
17.8294
17.8855
17.9414
17.9972
18.0527
18.1081
18.1633
18.2184
18.2733
18.328
18.3826
18.437
18.4912
18.5453
18.5992
18.653
18.7066
18.7601
18.8134
18.8665
18.9195
18.9724
19.0251
19.0776
19.1301
19.1823
19.2345
19.2865
19.3383
19.39
19.4416
19.493
19.5443
19.5955
19.6465
19.6974
19.7482
19.7988
19.8493
19.8997
19.95
20.0001
20.0501
20.1
20.1497
20.1993
20.2489
20.2982
20.3475
20.3966
20.4457
20.4946
20.5434
20.5921
20.6406
20.6891
20.7374
20.7856
20.8337
20.8817
20.9296
20.9774
21.0251
21.0726
21.1201
21.1674
21.2147
21.2618
21.3088
21.3558
21.4026
21.4493
21.4959
21.5425
21.5889
21.6352
21.6814
21.7276
21.7736
21.8195
21.8653
21.9111
21.9567
22.0023
22.0477
22.0931
22.1383
22.1835
22.2286
22.2736
22.3185
22.3633
22.408
22.4526
22.4971
22.5416
22.586
22.6302
22.6744
22.7185
22.7625
22.8065
22.8503
22.8941
22.9378
22.9814
23.0249
23.0683
23.1116
23.1549
23.1981
23.2412
23.2842
23.3272
23.3701
23.4128
23.4556
23.4982
23.5407
23.5832
23.6256
23.668
23.7102
23.7524
23.7945
23.8365
23.8785
23.9203
23.9621
24.0039
24.0455
24.0871
24.1286
24.1701
24.2115
24.2528
24.294
24.3352
24.3763
24.4173
24.4582
24.4991
24.5399
24.5807
24.6214
24.662
24.7025
24.743
24.7834
24.8238
24.8641
24.9043
24.9444
24.9845
25.0245
25.0645
25.1044
25.1442
25.184
25.2237
25.2634
25.3029
25.3425
25.3819
25.4213
25.4607
25.4999
25.5392
25.5783
25.6174
25.6564
25.6954
25.7343
25.7732
25.812
25.8507
25.8894
25.928
25.9666
26.0051
26.0436
26.082
26.1203
26.1586
26.1968
26.235
26.2731
26.3112
26.3492
26.3871
26.425
26.4629
26.5007
26.5384
26.5761
26.6137
26.6513
26.6888
26.7263
26.7637
26.8011
26.8384
26.8756
26.9128
26.95
26.9871
27.0242
8.10725
9.60725
11.1072
12.6072
14.1072
14.1781
14.2487
14.3188
14.3887
14.4582
14.5273
14.5962
14.6647
14.7329
14.8008
14.8683
14.9356
15.0025
15.0692
15.1356
15.2016
15.2674
15.3329
15.3981
15.4631
15.5277
15.5921
15.6563
15.7201
15.7838
15.8471
15.9102
15.9731
16.0357
16.098
16.1602
16.222
16.2837
16.3451
16.4063
16.4672
16.5279
16.5885
16.6487
16.7088
16.7686
16.8283
16.8877
16.9469
17.0059
17.0647
17.1233
17.1817
17.2399
17.2979
17.3557
17.4134
17.4708
17.528
17.5851
17.642
17.6986
17.7551
17.8115
17.8676
17.9236
17.9794
18.035
18.0904
18.1457
18.2008
18.2558
18.3105
18.3651
18.4196
18.4739
18.528
18.582
18.6358
18.6895
18.743
18.7963
18.8495
18.9026
18.9555
19.0082
19.0608
19.1133
5.73399
7.23399
8.73399
10.234
10.3317
10.4285
10.5244
10.6194
10.7136
10.8069
10.8994
10.9912
11.0822
11.1724
11.2619
11.3507
11.4388
11.5262
11.613
11.6991
11.7846
11.8694
11.9537
12.0373
12.1204
12.2029
12.2849
12.3663
12.4471
12.5275
12.6073
12.6866
12.7654
12.8438
12.9216
12.999
13.076
13.1524
13.2285
13.3041
13.3792
13.454
13.5283
13.6022
13.6757
13.7489
4.12466
5.62466
7.12466
7.26501
7.40266
7.53775
7.67041
7.80078
7.92897
8.05509
8.17924
8.3015
8.42196
8.5407
8.65778
8.77329
8.88727
8.99979
9.1109
9.22066
9.32911
9.43631
9.54228
9.64708
9.75073
9.85329
9.95478
10.0552
10.1547
10.2532
10.3507
10.4473
10.543
10.6379
10.7319
