k_i = 1 ,k_m = 1 ,k_n = 1 ,k_f= 0.3 ,p_s =  0.01 ,t = 3000
1
2
3
4
5
6
7
8
9
10
11
12
13
14
15
16
17
18
19
20
21
22
23
24
25
26
27
28
29
30
31
32
33
34
35
36
37
38
39
40
41
42
43
44
45
46
47
48
49
50
51
52
53
54
55
56
57
58
59
60
61
62
63
64
65
66
67
68
69
70
71
72
73
74
75
76
77
78
79
80
81
82
83
84
85
86
87
88
89
90
91
92
93
94
95
96
97
98
99
100
101
102
103
104
105
106
107
108
109
110
111
112
113
114
115
116
117
118
119
120
121
122
123
124
125
126
127
128
129
130
131
132
133
134
135
136
137
138
139
140
141
142
143
144
145
146
147
148
149
150
151
152
153
154
155
156
157
158
159
160
161
162
163
164
165
166
167
168
169
170
171
172
173
174
175
176
177
178
179
180
181
182
183
184
185
186
187
188
189
190
191
192
193
194
195
196
197
198
199
200
201
202
203
204
205
206
207
208
209
210
211
212
213
214
215
216
217
218
219
220
221
222
223
224
225
226
227
228
229
230
231
232
233
234
235
236
237
238
239
240
241
242
243
244
245
246
247
248
249
250
251
252
253
254
255
256
257
258
259
260
261
262
263
264
265
266
267
268
269
270
271
272
273
274
275
276
277
278
279
280
281
282
283
284
285
286
287
288
289
290
291
292
293
294
295
296
297
298
299
300
90
91
92
93
94
95
96
97
98
99
100
101
102
103
104
105
106
107
108
109
110
111
112
113
114
115
116
117
118
119
120
121
122
123
124
125
126
127
128
129
130
131
132
133
134
135
136
137
138
139
140
141
142
143
144
145
146
147
148
149
150
150.007
150.013
150.02
150.027
150.033
150.04
150.047
150.053
150.06
150.067
150.073
150.08
150.087
150.093
150.1
150.107
150.113
150.12
150.127
150.133
150.14
150.147
150.153
150.16
150.167
150.173
150.18
150.187
150.193
150.2
150.207
150.213
150.22
150.227
150.233
150.24
150.246
150.253
150.26
150.266
150.273
150.28
150.286
150.293
150.3
150.306
150.313
150.32
150.326
150.333
150.34
150.346
45.1039
46.1039
47.1039
48.1039
49.1039
50.1039
51.1039
52.1039
53.1039
54.1039
55.1039
56.1039
57.1039
58.1039
59.1039
60.1039
61.1039
62.1039
63.1039
64.1039
65.1039
66.1039
67.1039
68.1039
69.1039
70.1039
71.1039
72.1039
73.1039
74.1039
75.1039
76.1039
76.117
76.1302
76.1433
76.1564
76.1696
76.1827
76.1958
76.2089
76.2221
76.2352
76.2483
76.2614
76.2745
76.2876
76.3007
76.3138
76.327
76.3401
76.3532
76.3663
76.3793
76.3924
76.4055
76.4186
76.4317
76.4448
76.4579
76.4709
76.484
76.4971
76.5102
76.5232
76.5363
76.5494
76.5624
76.5755
76.5886
76.6016
76.6147
76.6277
76.6408
76.6538
76.6669
76.6799
76.693
76.706
76.719
76.7321
76.7451
76.7581
76.7712
76.7842
76.7972
76.8102
76.8232
76.8363
76.8493
76.8623
76.8753
76.8883
76.9013
76.9143
76.9273
76.9403
76.9533
76.9663
76.9793
76.9923
77.0053
77.0183
77.0312
77.0442
77.0572
77.0702
77.0832
77.0961
77.1091
77.1221
77.135
77.148
77.161
77.1739
77.1869
77.1998
23.16
24.16
25.16
26.16
27.16
28.16
29.16
30.16
31.16
32.16
33.16
34.16
35.16
36.16
37.16
38.16
39.16
39.1855
39.211
39.2365
39.262
39.2875
39.3129
39.3384
39.3638
39.3892
39.4146
39.4399
39.4653
39.4906
39.516
39.5413
39.5666
39.5918
39.6171
39.6423
39.6676
39.6928
39.718
39.7431
39.7683
39.7934
39.8186
39.8437
39.8688
39.8939
39.9189
39.944
39.969
39.994
40.019
40.044
40.069
40.094
40.1189
40.1438
40.1687
40.1936
40.2185
40.2434
40.2682
40.2931
40.3179
40.3427
40.3675
40.3922
40.417
40.4417
40.4665
40.4912
40.5159
40.5406
40.5652
40.5899
40.6145
40.6391
40.6637
40.6883
40.7129
40.7375
40.762
40.7865
40.8111
40.8356
40.8601
40.8845
40.909
40.9334
40.9579
40.9823
41.0067
41.0311
41.0554
41.0798
41.1041
41.1285
41.1528
41.1771
41.2014
41.2256
41.2499
41.2741
41.2984
41.3226
41.3468
41.371
41.3951
41.4193
41.4434
41.4676
41.4917
41.5158
41.5399
41.5639
41.588
41.612
41.6361
41.6601
41.6841
41.7081
41.7321
41.756
41.78
41.8039
41.8278
41.8517
41.8756
41.8995
41.9234
41.9472
41.9711
41.9949
42.0187
42.0425
42.0663
42.0901
42.1138
42.1376
12.6413
13.6413
14.6413
15.6413
16.6413
17.6413
18.6413
19.6413
20.6413
21.6413
21.6875
21.7336
21.7796
21.8255
21.8713
21.9171
21.9627
22.0082
22.0537
22.099
22.1442
22.1894
22.2345
22.2794
22.3243
22.3691
22.4138
22.4584
22.503
22.5474
22.5918
22.636
22.6802
22.7243
22.7683
22.8122
22.8561
22.8998
22.9435
22.9871
23.0306
23.074
23.1173
23.1606
23.2038
23.2469
23.2899
23.3328
23.3757
23.4184
23.4611
23.5038
23.5463
23.5888
23.6312
23.6735
23.7157
23.7579
23.8
23.842
23.884
23.9258
23.9676
24.0093
24.051
24.0926
24.1341
24.1755
24.2169
24.2582
24.2994
24.3405
24.3816
24.4226
24.4636
24.5045
7.35134
8.35134
9.35134
10.3513
11.3513
12.3513
12.4323
12.5127
12.5927
12.6721
12.751
12.8294
12.9074
12.9848
13.0618
13.1384
13.2145
13.2902
13.3654
13.4403
13.5147
13.5886
13.6622
13.7354
13.8082
13.8807
13.9527
14.0244
14.0957
14.1666
14.2372
14.3074
14.3773
14.4469
14.5161
14.585
14.6536
14.7218
14.7897
14.8574
14.9247
14.9917
15.0584
15.1248
15.1909
15.2567
15.3223
15.3875
15.4525
15.5172
15.5817
15.6459
15.7098
15.7734
15.8368
15.9
15.9629
16.0255
16.0879
16.1501
16.212
16.2737
16.3351
16.3963
16.4573
16.5181
16.5786
16.6389
16.699
16.7589
16.8186
16.8781
16.9373
16.9963
17.0552
17.1138
17.1722
17.2305
17.2885
17.3464
17.404
17.4615
17.5187
17.5758
17.6327
17.6894
17.746
17.8023
17.8585
17.9145
17.9703
18.0259
18.0814
18.1367
18.1919
18.2468
18.3016
18.3563
18.4107
18.4651
18.5192
18.5732
18.6271
18.6807
18.7343
18.7877
18.8409
18.894
18.9469
18.9997
19.0523
19.1048
19.1571
19.2093
19.2614
19.3133
19.3651
19.4167
19.4682
19.5196
19.5708
19.6219
19.6729
19.7237
19.7744
19.825
19.8754
19.9257
19.9759
20.026
20.0759
20.1257
20.1754
20.225
20.2744
20.3237
20.373
20.422
20.471
20.5199
20.5686
20.6172
20.6657
20.7141
20.7624
20.8105
20.8586
20.9065
20.9544
21.0021
21.0497
21.0972
21.1446
21.1919
21.2391
21.2862
21.3331
21.38
21.4268
21.4735
21.52
21.5665
21.6129
21.6591
21.7053
21.7514
6.52541
7.52541
8.52541
9.52541
10.5254
11.5254
11.6122
11.6983
11.7838
11.8686
11.9529
12.0366
12.1196
12.2021
12.2841
12.3655
12.4464
12.5267
12.6066
12.6859
12.7647
12.843
12.9209
12.9983
13.0752
13.1517
13.2278
13.3033
13.3785
13.4533
13.5276
13.6015
13.675
13.7482
13.8209
13.8933
13.9652
14.0368
14.1081
14.179
14.2495
14.3197
14.3895
14.459
14.5282
14.597
14.6655
14.7337
14.8016
14.8691
14.9364
15.0033
15.07
15.1363
15.2024
15.2682
15.3337
15.3989
15.4638
15.5285
15.5929
15.657
15.7209
15.7845
15.8479
15.911
15.9738
16.0364
16.0988
16.1609
16.2228
16.2844
16.3458
16.407
16.4679
16.5287
16.5892
16.6494
16.7095
16.7694
16.829
16.8884
16.9476
17.0066
17.0654
17.124
17.1824
17.2406
17.2986
17.3564
17.414
17.4715
17.5287
17.5858
17.6426
17.6993
17.7558
17.8121
17.8683
17.9242
17.98
18.0356
18.0911
18.1464
18.2015
18.2564
18.3112
18.3658
18.4202
18.4745
18.5287
5.5586
6.5586
7.5586
8.5586
9.5586
9.66321
9.7667
9.86909
9.97042
10.0707
10.17
10.2683
10.3657
10.4622
10.5578
10.6525
10.7464
10.8394
10.9317
11.0232
11.1139
11.2039
11.2931
11.3817
11.4695
11.5567
11.6432
11.7291
11.8144
11.899
11.9831
12.0665
12.1494
12.2317
12.3135
12.3947
12.4753
12.5555
12.6351
12.7143
12.7929
12.8711
12.9488
13.026
13.1028
13.1791
13.255
13.3304
13.4055
13.4801
13.5542
13.628
13.7014
13.7744
13.847
13.9192
13.991
14.0625
14.1336
14.2044
14.2748
14.3448
14.4145
14.4839
14.553
14.6217
14.6901
14.7581
14.8259
14.8933
14.9605
15.0273
15.0939
15.1601
15.2261
15.2918
15.3572
15.4223
15.4871
15.5517
15.616
15.68
15.7438
15.8073
15.8706
15.9336
15.9964
16.0589
16.1211
16.1832
16.245
16.3065
16.3678
16.4289
16.4898
16.5505
16.6109
16.6711
16.7311
16.7908
16.8504
16.9097
16.9689
17.0278
17.0865
17.1451
17.2034
17.2615
17.3194
17.3772
17.4347
17.4921
17.5493
17.6062
17.663
17.7196
17.7761
17.8323
17.8884
17.9443
18
18.0556
18.111
18.1662
18.2212
18.2761
18.3308
18.3854
18.4398
18.494
18.5481
18.602
18.6558
18.7094
18.7628
5.62884
6.62884
7.62884
8.62884
9.62884
9.7327
9.83545
9.93712
10.0378
10.1374
10.236
10.3337
10.4305
10.5264
10.6214
10.7155
10.8088
10.9013
10.9931
11.084
11.1743
11.2638
11.3525
11.4406
11.528
11.6148
11.7009
11.7863
3.5359
4.5359
5.5359
6.5359
6.6889
6.8384
6.98464
7.12781
7.2681
7.40569
7.54072
7.67334
7.80366
7.9318
8.05788
8.18198
8.3042
8.42462
8.54332
8.66037
8.77584
8.88979
9.00228
9.11336
9.22309
9.33151
9.43868
9.54462
9.64939
9.75303
9.85556
9.95703
10.0575
10.1569
10.2553
10.3529
10.4494
10.5451
10.64
10.734
10.8271
10.9195
11.0111
11.1019
11.192
11.2813
11.3699
11.4579
11.5452
11.6318
11.7178
11.8031
11.8878
11.9719
12.0555
12.1384
12.2208
12.3026
12.3839
12.4647
12.5449
12.6246
12.7038
12.7825
12.8608
12.9385
13.0158
13.0926
13.169
13.245
13.3205
13.3955
13.4702
13.5444
13.6182
13.6917
13.7647
13.8374
13.9096
13.9815
14.053
14.1242
14.195
14.2655
14.3356
14.4053
14.4747
14.5438
14.6126
14.681
14.7491
14.8169
14.8844
14.9516
15.0185
15.0851
15.1514
15.2174
15.2831
15.3485
15.4137
15.4785
15.5431
15.6075
15.6715
15.7354
15.7989
15.8622
15.9252
15.988
16.0506
16.1129
16.175
16.2368
16.2984
16.3597
16.4208
16.4817
16.5424
16.6029
16.6631
16.7231
16.7829
16.8425
16.9019
16.961
17.02
17.0787
17.1373
17.1957
17.2538
17.3118
5.19353
6.19353
7.19353
2.15806
3.15806
4.15806
4.39856
4.6259
4.84208
5.0486
5.24667
5.43727
5.62119
5.79909
5.97153
6.13899
6.30188
6.46056
6.61535
6.76651
6.9143
7.05893
7.20059
7.33947
7.47572
7.60949
7.7409
7.87008
7.99715
8.12219
8.24531
8.36659
8.48612
2.54583
3.54583
4.54583
4.76582
4.97564
5.17662
5.3698
5.55603
5.73601
5.91035
6.07954
6.24403
6.40418
6.56033
6.71276
6.86173
7.00747
7.15017
7.29003
7.4272
7.56184
7.69409
7.82406
7.95187
8.07762
8.20142
8.32335
8.4435
8.56193
8.67873
8.79395
8.90766
9.01993
9.13079
9.24031
9.34853
9.4555
9.56126
9.66585
9.76931
9.87167
9.97297
10.0732
10.1725
10.2708
10.3682
10.4646
10.5602
10.6549
10.7487
10.8418
10.934
11.0255
11.1162
11.2061
11.2954
11.3839
11.4717
11.5589
11.6454
11.7313
11.8165
11.9012
11.9852
12.0686
12.1515
12.2338
12.3155
12.3967
12.4774
12.5575
12.6372
12.7163
12.7949
12.8731
12.9508
13.028
13.1047
3.93142
4.93142
5.93142
6.93142
7.07569
7.21702
7.35558
7.49153
7.62502
7.75617
7.8851
8.01192
8.13673
8.25963
8.3807
2.51421
3.51421
4.51421
4.73573
4.94689
5.14904
5.34325
5.5304
5.71122
5.88632
6.0562
6.22132
6.38206
6.53875
6.69168
6.84112
6.9873
7.13041
7.27066
7.4082
7.54318
7.67575
7.80603
7.93414
8.06018
8.18424
8.30643
8.42682
8.54549
8.66251
8.77795
8.89187
9.00433
9.11539
9.22509
9.33349
9.44064
9.54656
9.65131
9.75492
9.85744
9.95888
10.0593
10.1587
10.2571
10.3546
10.4512
10.5469
10.6417
10.7357
10.8288
10.9212
11.0127
11.1035
11.1936
11.2829
11.3716
11.4595
11.5468
11.6334
11.7193
11.8047
11.8894
11.9735
12.057
12.1399
12.2223
12.3041
12.3854
12.4661
12.5464
12.6261
12.7053
12.784
12.8622
12.9399
13.0172
13.094
13.1704
13.2463
13.3218
13.3969
13.4715
13.5458
13.6196
13.693
13.7661
13.8387
13.911
13.9828
14.0544
14.1255
14.1963
14.2667
14.3368
14.4066
14.476
14.5451
14.6138
14.6823
14.7504
14.8182
14.8857
14.9528
15.0197
15.0863
15.1526
15.2186
15.2843
15.3497
15.4149
15.4797
15.5443
15.6087
15.6727
15.7365
15.8001
15.8634
15.9264
15.9892
16.0517
16.114
16.1761
16.2379
16.2995
16.3608
16.422
16.4829
16.5435
16.604
16.6642
16.7242
16.784
16.8436
16.903
16.9621
17.0211
17.0798
17.1384
17.1967
17.2549
17.3128
17.3706
17.4282
17.4855
17.5427
17.5997
17.6565
17.7132
17.7696
17.8259
17.882
17.9379
17.9937
18.0493
18.1047
18.1599
18.215
18.2699
18.3246
18.3792
18.4336
18.4878
18.5419
18.5958
18.6496
18.7032
18.7567
18.81
18.8632
18.9162
18.9691
19.0218
19.0744
19.1268
19.1791
19.2312
19.2832
19.3351
19.3868
19.4384
19.4898
19.5411
19.5923
19.6433
19.6942
19.745
19.7957
19.8462
19.8966
19.9468
19.997
20.047
20.0968
20.1466
20.1962
20.2458
20.2952
20.3444
20.3936
20.4426
20.4915
20.5403
20.589
20.6376
20.686
20.7344
20.7826
20.8307
20.8787
20.9266
20.9744
21.0221
21.0697
21.1171
21.1645
21.2117
21.2589
21.3059
21.3528
21.3997
21.4464
21.493
6.44791
7.44791
8.44791
9.44791
10.4479
11.4479
11.5353
11.622
11.708
11.7934
11.8782
11.9624
12.046
12.129
12.2114
12.2933
12.3747
12.4555
12.5358
12.6156
12.6948
12.7736
12.8519
12.9297
13.007
13.0839
13.1603
13.2363
13.3119
13.387
13.4617
13.536
13.6099
13.6833
13.7564
13.8291
13.9014
13.9734
14.0449
14.1161
14.187
14.2574
14.3276
14.3974
14.4668
14.536
14.6048
14.6732
14.7414
14.8092
14.8767
14.944
15.0109
15.0775
15.1438
15.2099
15.2756
15.3411
15.4062
15.4712
15.5358
15.6002
15.6643
15.7281
15.7917
15.855
15.9181
15.9809
16.0435
16.1058
16.1679
16.2297
16.2914
16.3527
16.4139
16.4748
16.5355
16.596
16.6562
16.7163
16.7761
16.8357
16.8951
16.9543
17.0133
17.0721
17.1306
17.189
17.2472
17.3052
17.363
17.4206
17.478
17.5352
17.5922
17.649
17.7057
17.7622
17.8185
17.8746
17.9305
17.9863
18.0419
18.0973
18.1526
18.2077
18.2626
18.3174
18.372
18.4264
18.4807
18.5348
18.5887
18.6425
18.6962
18.7496
18.803
18.8562
18.9092
18.9621
19.0148
19.0674
19.1199
19.1722
19.2243
19.2763
19.3282
19.3799
19.4315
19.483
19.5343
19.5855
19.6366
19.6875
19.7383
19.789
19.8395
19.8899
19.9402
19.9903
20.0404
20.0903
20.14
20.1897
20.2392
20.2886
20.3379
20.3871
20.4361
20.4851
20.5339
20.5826
20.6312
20.6796
20.728
20.7762
20.8244
20.8724
20.9203
20.9681
21.0158
21.0634
21.1109
21.1582
6.34747
7.34747
8.34747
9.34747
10.3475
11.3475
11.4356
11.523
11.6098
11.696
11.7815
11.8663
11.9506
12.0343
12.1174
12.1999
12.2819
12.3633
12.4442
12.5245
12.6044
12.6837
12.7626
12.8409
12.9188
12.9962
13.0731
13.1496
13.2257
13.3013
13.3765
13.4512
13.5256
13.5995
13.673
13.7462
13.8189
13.8913
13.9633
14.0349
14.1061
14.177
14.2476
14.3178
14.3876
14.4571
14.5263
14.5951
14.6636
14.7318
14.7997
14.8673
14.9345
15.0015
15.0682
15.1345
15.2006
15.2664
15.3319
15.3971
15.4621
15.5267
15.5911
15.6553
15.7192
15.7828
15.8461
15.9092
15.9721
16.0347
16.0971
16.1592
16.2211
16.2827
16.3441
4.90324
5.90324
6.90324
7.90324
8.90324
9.01556
9.12648
9.23605
9.34432
9.45134
9.55714
9.66178
9.76528
9.86768
9.96902
10.0693
10.1686
10.267
10.3644
10.4609
10.5565
10.6512
10.7451
10.8381
10.9304
11.0219
11.1126
11.2026
11.2919
11.3804
11.4683
11.5555
11.642
11.7279
11.8132
11.8979
11.9819
12.0654
12.1482
12.2306
12.3123
12.3935
12.4742
12.5544
12.6341
12.7132
12.7919
12.87
12.9477
13.025
13.1017
13.1781
13.254
13.3294
13.4044
4.02133
5.02133
6.02133
7.02133
7.16375
7.30334
7.44027
7.57467
7.70669
7.83645
7.96406
8.08962
8.21323
8.33499
8.45497
8.57324
8.68988
8.80496
8.91853
9.03066
9.14139
9.25078
9.35888
9.46573
9.57138
9.67585
9.7792
9.88146
9.98266
10.0828
10.182
10.2802
10.3775
10.4739
10.5693
3.1708
4.1708
5.1708
6.1708
6.33286
6.49076
6.64483
6.79532
6.94248
7.08652
7.22763
7.36599
7.50175
2.25053
3.25053
4.25053
4.48579
4.70872
4.92109
5.1243
5.31944
5.50743
5.68901
5.86478
6.03529
6.20099
6.36225
6.51943
6.67282
6.82268
6.96925
7.11273
7.25333
7.3912
7.52649
7.65936
7.78991
7.91829
8.04458
8.16888
8.2913
8.41191
8.53079
8.64801
8.76364
8.87775
8.99039
9.10162
9.21149
9.32005
9.42735
9.53342
9.63832
9.74207
9.84472
9.94629
10.0468
10.1464
10.2449
10.3425
10.4392
10.535
10.6299
10.724
10.8173
10.9097
11.0014
11.0923
11.1824
11.2718
11.3606
11.4486
11.5359
11.6226
11.7087
11.7941
11.8788
11.963
12.0466
12.1296
12.2121
12.294
12.3753
12.4561
12.5364
12.6162
12.6954
12.7742
12.8525
12.9303
13.0076
13.0845
13.1609
13.2369
13.3125
13.3876
13.4623
13.5365
13.6104
13.6839
13.757
13.8297
13.902
13.9739
14.0455
14.1167
14.1875
14.258
14.3281
14.3979
14.4674
14.5365
14.6053
14.6738
14.7419
14.8097
14.8773
14.9445
15.0114
15.078
15.1443
15.2104
15.2761
15.3416
15.4067
15.4717
15.5363
15.6007
15.6648
15.7286
15.7922
15.8555
15.9186
15.9814
16.044
16.1063
16.1684
16.2302
16.2918
16.3532
16.4144
16.4753
16.536
16.5965
16.6567
16.7167
16.7766
16.8362
16.8956
16.9548
17.0137
17.0725
17.1311
17.1895
17.2476
17.3056
17.3634
17.421
17.4784
17.5356
17.5926
17.6495
17.7061
17.7626
17.8189
17.875
17.931
17.9867
18.0423
18.0978
18.153
18.2081
18.263
18.3178
18.3724
18.4268
18.4811
18.5352
18.5891
18.6429
18.6966
18.7501
18.8034
18.8566
18.9096
18.9625
5.68875
6.68875
7.68875
8.68875
9.68875
9.79196
9.89408
9.99515
10.0952
10.1943
10.2924
10.3895
10.4858
10.5811
10.6756
10.7693
10.8622
10.9542
11.0455
11.1361
11.2259
11.3149
11.4033
11.491
11.578
11.6644
11.7501
11.8352
11.9197
12.0036
12.0869
12.1697
12.2518
12.3335
12.4145
12.4951
12.5751
12.6546
12.7337
12.8122
12.8902
12.9678
13.0449
13.1216
13.1978
13.2736
13.3489
13.4238
13.4983
13.5724
13.6461
13.7194
13.7923
13.8648
13.9369
14.0086
14.08
14.151
14.2217
14.292
14.362
14.4316
14.5009
14.5699
14.6385
14.7068
14.7748
14.8425
14.9099
14.9769
15.0437
15.1102
15.1764
15.2423
15.3079
15.3732
15.4382
15.503
15.5675
15.6318
15.6957
15.7594
15.8229
15.8861
15.949
16.0117
16.0742
16.1364
16.1984
16.2601
16.3216
16.3829
16.4439
16.5047
16.5653
16.6257
16.6858
16.7458
16.8055
16.865
16.9243
16.9834
17.0423
17.1009
17.1594
17.2177
17.2758
17.3336
17.3913
17.4488
17.5061
17.5633
17.6202
17.677
17.7335
17.7899
17.8461
17.9022
17.958
18.0137
18.0692
18.1246
18.1797
18.2347
18.2896
18.3443
18.3988
18.4531
18.5073
18.5614
18.6152
18.6689
18.7225
18.7759
18.8292
18.8823
18.9353
18.9881
19.0407
19.0932
19.1456
19.1979
19.2499
19.3019
19.3537
19.4054
19.4569
19.5083
19.5596
19.6107
19.6617
19.7125
19.7633
19.8139
19.8643
19.9147
19.9649
20.015
20.0649
20.1148
20.1645
6.04935
7.04935
8.04935
9.04935
10.0493
11.0493
11.1399
11.2296
11.3187
11.407
11.4947
11.5817
11.668
11.7537
11.8388
11.9233
12.0071
12.0904
12.1731
12.2553
12.3369
12.4179
12.4985
12.5785
12.658
12.737
12.8155
12.8935
12.9711
13.0482
13.1248
13.201
13.2768
13.3521
13.427
13.5015
13.5755
13.6492
13.7224
13.7953
13.8678
13.9399
14.0117
14.083
14.154
14.2247
14.295
14.3649
14.4345
14.5038
14.5728
14.6414
14.7097
14.7777
14.8453
14.9127
14.9798
15.0465
15.113
15.1792
15.245
15.3106
15.3759
15.441
15.5057
15.5702
15.6345
15.6984
15.7621
15.8256
15.8888
15.9517
16.0144
16.0768
16.139
16.201
16.2627
16.3242
16.3855
16.4465
16.5073
16.5679
16.6282
16.6884
16.7483
16.808
16.8675
16.9268
16.9859
17.0447
17.1034
17.1619
17.2201
17.2782
17.3361
17.3938
17.4513
17.5086
17.5657
17.6226
17.6793
17.7359
17.7923
17.8485
17.9045
17.9604
18.0161
18.0716
18.1269
18.1821
18.2371
18.2919
18.3466
18.4011
18.4554
18.5096
18.5636
18.6175
18.6712
18.7248
18.7782
18.8314
18.8845
18.9375
18.9903
19.0429
19.0955
19.1478
19.2001
19.2521
19.3041
19.3559
19.4075
19.4591
19.5105
19.5617
19.6128
19.6638
19.7147
19.7654
19.816
19.8665
19.9168
19.967
20.0171
20.067
20.1169
20.1666
20.2162
20.2656
20.315
20.3642
20.4133
20.4623
20.5112
20.5599
20.6086
20.6571
20.7055
20.7538
20.802
20.85
20.898
20.9459
20.9936
21.0412
21.0888
21.1362
21.1835
21.2307
21.2778
21.3248
21.3717
21.4185
21.4652
21.5118
21.5582
21.6046
21.6509
21.6971
21.7432
21.7892
21.8351
6.55052
7.55052
8.55052
9.55052
10.5505
11.5505
11.6371
11.723
11.8083
11.893
11.9771
12.0606
12.1435
12.2259
12.3077
12.3889
12.4696
12.5498
12.6295
12.7087
12.7874
12.8656
12.9433
13.0206
13.0974
13.1737
13.2496
13.3251
13.4001
13.4748
13.549
13.6228
13.6962
13.7692
13.8418
13.9141
13.9859
14.0574
14.1286
14.1994
14.2698
14.3399
14.4096
14.479
14.5481
14.6168
14.6852
14.7533
14.8211
14.8886
14.9557
15.0226
15.0892
15.1554
15.2214
15.2871
15.3525
15.4177
15.4825
15.5471
15.6114
15.6755
15.7393
15.8028
15.8661
15.9291
15.9919
16.0544
16.1167
16.1788
16.2406
16.3022
16.3635
16.4246
16.4855
16.5461
16.6066
16.6668
16.7268
16.7866
16.8462
16.9055
16.9647
17.0236
17.0824
17.1409
17.1992
17.2574
17.3153
17.3731
17.4306
17.488
17.5452
17.6022
17.659
17.7156
17.7721
17.8283
17.8844
17.9403
17.9961
18.0517
18.1071
18.1623
18.2173
18.2722
18.327
18.3815
18.4359
18.4902
18.5442
18.5982
18.6519
18.7056
18.759
18.8123
18.8655
18.9185
18.9713
19.0241
19.0766
19.129
19.1813
19.2335
19.2854
19.3373
19.389
19.4406
19.492
19.5433
19.5945
19.6455
19.6964
19.7472
19.7978
19.8484
19.8987
19.949
19.9991
20.0491
20.099
20.1488
20.1984
20.2479
20.2973
20.3465
20.3957
20.4447
20.4936
20.5424
20.5911
20.6397
20.6881
20.7365
20.7847
20.8328
20.8808
20.9287
20.9765
21.0241
21.0717
21.1192
21.1665
21.2138
21.2609
21.3079
21.3549
21.4017
21.4484
21.495
21.5416
21.588
21.6343
21.6805
21.7267
21.7727
21.8186
21.8644
21.9102
21.9558
22.0014
22.0468
22.0922
22.1374
22.1826
22.2277
22.2727
22.3176
22.3624
22.4071
22.4517
22.4963
22.5407
22.5851
22.6294
22.6736
22.7177
22.7617
22.8056
22.8495
22.8932
22.9369
22.9805
23.024
23.0675
23.1108
23.1541
23.1973
23.2404
23.2834
23.3264
23.3692
23.412
23.4547
23.4974
23.5399
23.5824
23.6248
23.6671
23.7094
23.7516
23.7937
23.8357
23.8777
23.9195
23.9613
24.0031
24.0447
24.0863
24.1278
24.1693
24.2107
24.252
24.2932
24.3344
24.3755
24.4165
24.4574
24.4983
24.5391
24.5799
24.6206
24.6612
24.7017
24.7422
24.7826
24.823
24.8633
24.9035
24.9437
24.9837
25.0238
25.0637
25.1036
25.1435
25.1832
25.2229
25.2626
25.3022
25.3417
25.3812
25.4206
25.4599
25.4992
25.5384
25.5776
25.6166
25.6557
25.6947
25.7336
25.7724
25.8112
25.85
25.8887
25.9273
25.9659
26.0044
26.0428
26.0812
26.1196
26.1579
26.1961
26.2343
26.2724
26.3104
26.3484
26.3864
26.4243
26.4621
26.4999
26.5377
26.5754
26.613
26.6506
26.6881
26.7256
26.763
26.8003
26.8376
26.8749
26.9121
26.9493
26.9864
27.0234
27.0604
27.0974
27.1343
27.1712
8.15135
9.15135
10.1513
11.1513
12.1513
13.1513
14.1513
14.222
14.2923
14.3623
14.4319
14.5012
14.5702
14.6388
14.7071
14.7751
14.8428
14.9102
14.9772
15.044
15.1105
15.1767
15.2425
15.3081
15.3735
15.4385
15.5033
15.5678
15.632
15.696
15.7597
15.8232
15.8864
15.9493
16.012
16.0745
16.1367
16.1986
16.2604
16.3219
16.3831
16.4442
16.505
16.5656
16.6259
16.6861
16.746
16.8057
16.8652
16.9245
16.9836
17.0425
17.1012
17.1597
17.2179
17.276
17.3339
17.3916
17.4491
17.5064
17.5635
17.6205
17.6772
17.7338
17.7902
17.8464
17.9024
17.9583
18.014
18.0695
18.1248
18.18
18.235
18.2898
18.3445
18.399
18.4534
18.5076
18.5616
18.6155
18.6692
18.7227
18.7762
18.8294
18.8825
18.9355
18.9883
19.041
5.71229
6.71229
7.71229
8.71229
9.71229
9.81525
9.91713
10.018
10.1178
10.2166
10.3145
10.4115
10.5075
10.6027
10.697
10.7905
10.8831
10.975
11.0661
11.1565
11.2461
11.3351
11.4233
11.5108
11.5977
11.6839
11.7695
11.8545
11.9388
12.0226
12.1058
12.1884
12.2704
12.3519
12.4329
12.5133
12.5932
12.6726
12.7515
12.83
12.9079
12.9854
13.0624
13.1389
13.2151
13.2907
3.98722
4.98722
5.98722
6.98722
7.13034
7.27058
7.40812
7.54311
7.67568
7.80596
7.93407
8.06011
8.18418
8.30636
8.42675
8.54542
8.66244
8.77789
8.89181
9.00427
9.11533
9.22503
9.33344
9.44058
9.5465
9.65125
9.75487
9.85738
9.95883
10.0592
10.1587
10.2571
10.3546
10.4512
10.5468
