k_i = 4 ,k_m = 1 ,k_n = 0.5 ,k_f= 0.3 ,p_s =  0.01 ,t = 3000
4
5
6
7
8
9
10
11
12
13
14
15
16
17
18
19
20
21
22
23
24
25
26
27
28
29
30
31
32
33
34
35
36
37
38
39
40
41
42
43
44
45
46
47
48
49
50
51
52
53
54
55
56
57
58
59
60
61
62
63
64
65
66
67
68
69
70
71
72
73
74
75
76
77
78
79
80
81
82
83
84
85
86
87
88
89
90
91
92
93
94
95
96
97
98
99
100
101
102
103
104
105
106
107
108
109
110
111
112
113
114
115
116
117
118
119
120
121
122
123
124
125
126
127
128
129
130
131
132
133
134
135
136
137
138
139
140
141
142
143
144
145
146
147
148
149
150
151
152
153
154
155
156
157
158
159
160
161
162
163
164
165
166
167
168
169
170
171
172
173
174
175
176
177
178
179
180
181
182
183
184
185
186
187
188
189
190
191
192
193
194
195
196
197
198
199
200
201
202
203
204
205
206
207
208
209
210
211
212
213
214
215
216
217
218
219
220
221
222
223
224
225
226
227
228
229
230
231
232
233
234
235
236
237
238
239
240
241
242
243
244
245
246
247
248
249
250
251
252
253
254
255
256
257
258
259
260
261
262
263
264
265
266
267
268
269
270
271
272
273
274
275
276
277
278
279
280
281
282
283
284
285
286
287
288
289
290
291
292
293
294
295
296
297
298
299
300
301
302
303
90.9
91.9
92.9
93.9
94.9
95.9
96.9
97.9
98.9
99.9
100.9
101.9
102.9
103.9
104.9
105.9
106.9
107.9
108.9
109.9
110.9
111.9
112.9
113.9
114.9
115.9
116.9
117.9
118.9
119.9
120.9
121.9
122.9
123.9
124.9
125.9
126.9
127.9
128.9
129.9
130.9
131.9
132.9
133.9
134.9
135.9
136.9
137.9
138.9
139.9
140.9
141.9
142.9
143.9
144.9
145.9
146.9
147.9
148.9
149.9
150.9
151.9
151.903
151.907
151.91
151.913
151.916
151.92
151.923
151.926
151.93
151.933
151.936
151.939
151.943
151.946
151.949
151.953
151.956
151.959
151.963
151.966
151.969
151.972
151.976
151.979
151.982
151.986
151.989
151.992
151.995
151.999
152.002
152.005
152.009
152.012
152.015
152.018
152.022
152.025
152.028
152.032
152.035
152.038
152.041
152.045
152.048
152.051
152.055
152.058
152.061
152.064
152.068
45.6203
46.6203
47.6203
48.6203
49.6203
50.6203
51.6203
52.6203
53.6203
54.6203
55.6203
56.6203
57.6203
58.6203
59.6203
60.6203
61.6203
62.6203
63.6203
64.6203
65.6203
66.6203
67.6203
68.6203
69.6203
70.6203
71.6203
72.6203
73.6203
74.6203
75.6203
76.6203
76.6269
76.6334
76.6399
76.6464
76.653
76.6595
76.666
76.6725
76.679
76.6856
76.6921
76.6986
76.7051
76.7116
76.7182
76.7247
76.7312
76.7377
76.7442
76.7507
76.7573
76.7638
76.7703
76.7768
76.7833
76.7898
76.7963
76.8028
76.8094
76.8159
76.8224
76.8289
76.8354
76.8419
76.8484
76.8549
76.8614
76.8679
76.8744
76.8809
76.8874
76.8939
76.9004
76.9069
76.9134
76.9199
76.9264
76.9329
76.9394
76.9459
76.9524
76.9589
76.9654
76.9719
76.9784
76.9849
76.9914
76.9979
77.0044
77.0109
77.0174
77.0239
77.0304
77.0369
77.0434
77.0498
77.0563
77.0628
77.0693
77.0758
77.0823
77.0888
77.0953
77.1017
77.1082
77.1147
77.1212
77.1277
77.1342
77.1406
77.1471
77.1536
77.1601
77.1666
23.15
24.15
25.15
26.15
27.15
28.15
29.15
30.15
31.15
32.15
33.15
34.15
35.15
36.15
37.15
38.15
39.15
39.1627
39.1755
39.1883
39.201
39.2138
39.2265
39.2393
39.252
39.2648
39.2775
39.2902
39.303
39.3157
39.3284
39.3411
39.3538
39.3665
39.3792
39.3919
39.4046
39.4173
39.43
39.4427
39.4553
39.468
39.4807
39.4933
39.506
39.5187
39.5313
39.544
39.5566
39.5692
39.5819
39.5945
39.6071
39.6198
39.6324
39.645
39.6576
39.6702
39.6828
39.6954
39.708
39.7206
39.7332
39.7458
39.7584
39.7709
39.7835
39.7961
39.8086
39.8212
39.8338
39.8463
39.8589
39.8714
39.884
39.8965
39.909
39.9215
39.9341
39.9466
39.9591
39.9716
39.9841
39.9966
40.0091
40.0216
40.0341
40.0466
40.0591
40.0716
40.0841
40.0965
40.109
40.1215
40.1339
40.1464
40.1588
40.1713
40.1837
40.1962
40.2086
40.2211
40.2335
40.2459
40.2583
40.2708
40.2832
40.2956
40.308
40.3204
40.3328
40.3452
40.3576
40.37
40.3824
40.3948
40.4071
40.4195
40.4319
40.4442
40.4566
40.469
40.4813
40.4937
40.506
40.5184
40.5307
40.543
40.5554
40.5677
40.58
40.5923
40.6047
40.617
40.6293
40.6416
40.6539
40.6662
12.1999
13.1999
14.1999
15.1999
16.1999
17.1999
18.1999
19.1999
20.1999
21.1999
21.2234
21.247
21.2705
21.294
21.3175
21.341
21.3644
21.3878
21.4112
21.4345
21.4579
21.4812
21.5044
21.5277
21.5509
21.5741
21.5973
21.6204
21.6436
21.6667
21.6898
21.7128
21.7358
21.7588
21.7818
21.8048
21.8277
21.8506
21.8735
21.8963
21.9192
21.942
21.9648
21.9875
22.0103
22.033
22.0557
22.0784
22.101
22.1236
22.1462
22.1688
22.1914
22.2139
22.2364
22.2589
22.2814
22.3038
22.3262
22.3486
22.371
22.3933
22.4157
22.438
22.4603
22.4825
22.5048
22.527
22.5492
22.5713
22.5935
22.6156
22.6377
22.6598
22.6819
22.7039
6.81118
7.81118
8.81118
9.81118
10.8112
11.8112
11.8535
11.8957
11.9377
11.9796
12.0213
12.0629
12.1044
12.1457
12.1869
12.2279
12.2688
12.3095
12.3502
12.3906
12.431
12.4712
12.5113
12.5513
12.5911
12.6308
12.6704
12.7099
12.7492
12.7884
12.8275
12.8665
12.9054
12.9441
12.9827
13.0212
13.0596
13.0979
13.1361
13.1742
13.2121
13.25
13.2877
13.3253
13.3628
13.4003
13.4376
13.4748
13.5119
13.5489
13.5858
13.6226
13.6593
13.6959
13.7324
13.7688
13.8051
13.8414
13.8775
13.9135
13.9495
13.9853
14.021
14.0567
14.0923
14.1278
14.1632
14.1985
14.2337
14.2688
14.3038
14.3388
14.3737
14.4085
14.4432
14.4778
14.5123
14.5468
14.5811
14.6154
14.6496
14.6838
14.7178
14.7518
14.7857
14.8195
14.8532
14.8869
14.9205
14.954
14.9874
15.0208
15.0541
15.0873
15.1204
15.1535
15.1865
15.2194
15.2523
15.2851
15.3178
15.3504
15.383
15.4155
15.4479
15.4803
15.5126
15.5448
15.577
15.6091
15.6411
15.6731
15.705
15.7368
15.7686
15.8003
15.8319
15.8635
15.895
15.9265
15.9579
15.9892
16.0205
16.0517
16.0829
16.114
16.145
16.176
16.2069
16.2377
16.2685
16.2992
16.3299
16.3605
16.3911
16.4216
16.452
16.4824
16.5128
16.5431
16.5733
16.6034
16.6336
16.6636
16.6936
16.7236
16.7535
16.7833
16.8131
16.8428
16.8725
16.9022
16.9318
16.9613
16.9908
17.0202
17.0496
17.0789
17.1082
17.1374
17.1666
17.1957
17.2248
17.2538
17.2828
17.3117
5.19351
6.19351
7.19351
8.19351
9.19351
9.2479
9.30197
9.35572
9.40916
9.4623
9.51514
9.56769
9.61995
9.67192
9.72362
9.77504
9.82619
9.87708
9.9277
9.97806
10.0282
10.078
10.1276
10.177
10.2261
10.275
10.3237
10.3721
10.4203
10.4683
10.5161
10.5636
10.611
10.6581
10.705
10.7517
10.7982
10.8445
10.8906
10.9365
10.9822
11.0278
11.0731
11.1183
11.1632
11.208
11.2526
11.2971
11.3413
11.3854
11.4293
11.4731
11.5167
11.5601
11.6033
11.6464
11.6894
11.7321
11.7747
11.8172
11.8595
11.9017
11.9437
11.9856
12.0273
12.0688
12.1103
12.1516
12.1927
12.2337
12.2746
12.3153
12.3559
12.3964
12.4367
12.4769
12.517
12.5569
12.5968
12.6365
12.676
12.7155
12.7548
12.794
12.8331
12.872
12.9109
12.9496
12.9882
13.0267
13.0651
13.1034
13.1415
13.1796
13.2175
13.2553
13.2931
13.3307
13.3682
13.4056
13.4429
13.4801
13.5172
13.5542
13.591
13.6278
13.6645
13.7011
13.7376
13.774
13.8103
4.14309
5.14309
6.14309
7.14309
7.21309
7.28241
7.35107
7.41908
7.48648
7.55326
7.61946
7.68508
7.75014
7.81466
7.87864
7.9421
8.00506
8.06752
8.1295
8.191
8.25204
8.31263
8.37278
8.4325
8.4918
8.55068
8.60915
8.66723
8.72492
8.78222
8.83916
8.89572
8.95193
9.00779
9.06329
9.11846
9.17329
9.2278
9.28198
9.33585
9.38941
9.44266
9.49561
9.54827
9.60063
9.65271
9.70451
9.75603
9.80728
9.85827
9.90899
9.95945
10.0096
10.0596
10.1093
10.1588
10.208
10.257
10.3057
10.3542
10.4025
10.4506
10.4984
10.5461
10.5935
10.6407
10.6877
10.7344
10.781
10.8274
10.8736
10.9196
10.9653
11.0109
11.0564
11.1016
11.1466
11.1915
11.2361
11.2806
11.325
11.3691
11.4131
11.4569
11.5005
11.544
11.5873
11.6305
11.6735
11.7163
11.759
11.8015
11.8439
11.8861
11.9282
11.9701
12.0118
12.0535
12.095
12.1363
12.1775
12.2186
12.2595
12.3003
12.3409
12.3814
12.4218
12.4621
12.5022
12.5422
12.582
12.6218
12.6614
12.7009
12.7402
12.7795
12.8186
12.8576
12.8965
12.9353
12.9739
13.0125
13.0509
13.0892
13.1274
13.1655
13.2035
13.2413
13.2791
13.3168
13.3543
13.3917
13.4291
13.4663
13.5034
4.05103
5.05103
6.05103
7.05103
7.12195
7.19215
7.26167
7.33053
7.39873
7.46631
7.53328
7.59965
7.66544
7.73067
7.79535
7.85949
7.92311
7.98621
8.04882
8.11094
8.17259
8.23377
8.29449
8.35478
8.41462
8.47404
8.53305
8.59164
2.57749
3.57749
4.57749
4.68672
4.79341
4.89772
4.99981
5.09981
5.19785
5.29405
5.38849
5.48128
5.5725
5.66223
5.75053
5.83748
5.92313
6.00755
6.09078
6.17287
6.25387
6.33382
6.41276
6.49073
6.56776
6.64389
6.71915
6.79356
6.86716
6.93997
7.01202
7.08333
7.15391
7.22381
7.29302
7.36158
7.4295
7.4968
7.56349
7.6296
7.69514
7.76011
7.82454
7.88845
7.95183
8.01471
8.07709
8.139
8.20043
8.2614
8.32192
8.38201
8.44166
8.50089
8.55971
8.61812
8.67614
8.73376
8.79101
8.84789
8.9044
8.96055
9.01635
9.07181
9.12692
9.18171
9.23616
9.2903
9.34412
9.39763
9.45083
9.50374
9.55635
9.60867
9.66071
9.71246
9.76394
9.81515
9.86609
9.91677
9.96719
10.0174
10.0673
10.1169
10.1664
10.2155
10.2645
10.3132
10.3617
10.4099
10.458
10.5058
10.5534
10.6007
10.6479
10.6949
10.7416
10.7882
10.8345
10.8807
10.9266
10.9724
11.0179
11.0633
11.1085
11.1535
11.1984
11.243
11.2875
11.3318
11.3759
11.4199
11.4636
11.5073
11.5507
11.594
11.6371
11.6801
11.7229
11.7655
11.808
11.8504
11.8926
11.9346
11.9765
12.0183
12.0599
12.1013
12.1426
12.1838
12.2249
12.2658
3.67973
4.67973
5.67973
1.70392
2.70392
3.70392
3.83891
3.96916
4.09513
4.21722
4.33578
4.4511
4.56344
4.673
4.78
4.8846
4.98697
5.08723
5.18551
5.28193
5.3766
5.46959
5.56101
5.65092
5.7394
5.82652
5.91233
5.9969
6.08028
6.16251
6.24365
6.32373
6.40279
1.92084
2.92084
3.92084
4.04836
4.17187
4.29172
4.40822
4.52165
4.63223
4.74017
4.84565
4.94883
5.04987
5.14888
5.24599
5.3413
5.43491
5.52691
5.61737
5.70638
5.794
5.8803
5.96533
6.04915
6.1318
6.21335
6.29382
6.37326
6.45171
6.52921
6.60579
6.68148
6.75632
6.83032
6.90352
6.97595
7.04763
7.11857
7.18881
7.25836
7.32725
7.39549
7.4631
7.53009
7.59649
7.66231
7.72757
7.79227
7.85644
7.92008
7.98321
8.04584
8.10798
8.16965
8.23085
8.2916
8.3519
8.41177
8.47121
8.53023
8.58885
8.64706
8.70489
8.76233
8.81939
8.87608
8.93241
8.98839
9.04402
9.0993
9.15425
9.20887
9.26317
9.31714
9.37081
9.42416
9.47722
9.52998
2.85899
3.85899
4.85899
4.9619
5.06266
5.16143
5.2583
5.35339
5.44678
5.53858
5.62886
5.71769
5.80513
5.89126
5.97614
1.79284
2.79284
3.79284
3.92467
4.05207
4.17546
4.29521
4.41162
4.52495
4.63545
4.74332
4.84873
4.95185
5.05282
5.15178
5.24883
5.34409
5.43765
5.5296
5.62002
5.70899
5.79657
5.88283
5.96782
6.05161
6.13423
6.21574
6.29618
6.37559
6.45402
6.53149
6.60804
6.68371
6.75851
6.8325
6.90567
6.97808
7.04973
7.12066
7.19088
7.26041
7.32927
7.39749
7.46508
7.53206
7.59845
7.66425
7.72949
7.79417
7.85832
7.92195
7.98507
8.04768
8.10981
8.17147
8.23266
8.29339
8.35368
8.41353
8.47296
8.53197
8.59057
8.64878
8.70659
8.76402
8.82107
8.87775
8.93407
8.99004
9.04565
9.10093
9.15587
9.21048
9.26477
9.31873
9.37239
9.42574
9.47878
9.53153
9.58399
9.63616
9.68805
9.73966
9.79099
9.84206
9.89286
9.94341
9.99369
10.0437
10.0935
10.143
10.1923
10.2414
10.2902
10.3388
10.3872
10.4353
10.4832
10.5309
10.5784
10.6257
10.6727
10.7196
10.7662
10.8126
10.8589
10.9049
10.9508
10.9964
11.0419
11.0872
11.1323
11.1772
11.2219
11.2665
11.3109
11.3551
11.3991
11.443
11.4867
11.5302
11.5736
11.6168
11.6598
11.7027
11.7454
11.788
11.8304
11.8727
11.9148
11.9567
11.9986
12.0402
12.0818
12.1231
12.1644
12.2055
12.2465
12.2873
12.328
12.3685
12.409
12.4493
12.4894
12.5295
12.5694
12.6091
12.6488
12.6883
12.7277
12.767
12.8062
12.8452
12.8841
12.9229
12.9616
13.0002
13.0387
13.077
13.1153
13.1534
13.1914
13.2293
13.2671
13.3048
13.3424
13.3798
13.4172
13.4545
13.4916
13.5287
13.5657
13.6025
13.6393
13.6759
13.7125
13.749
13.7853
13.8216
13.8578
13.8938
13.9298
13.9657
14.0015
14.0372
14.0729
14.1084
14.1438
14.1792
14.2144
14.2496
14.2847
14.3197
14.3546
14.3895
14.4242
14.4589
14.4934
14.5279
14.5624
14.5967
14.631
14.6651
14.6992
14.7332
14.7672
14.801
14.8348
14.8685
14.9021
14.9357
14.9692
15.0026
15.0359
15.0692
15.1023
15.1354
15.1685
15.2014
15.2343
15.2672
15.2999
15.3326
4.59978
5.59978
6.59978
7.59978
8.59978
8.65792
8.71567
8.77304
8.83003
8.88665
8.94292
8.99883
9.05439
9.10961
9.1645
9.21906
9.27329
9.32721
9.38082
9.43412
9.48712
9.53982
9.59223
9.64436
9.6962
9.74777
9.79906
9.85009
9.90085
9.95135
10.0016
10.0516
10.1013
10.1508
10.2001
10.2491
10.2979
10.3464
10.3948
10.4429
10.4907
10.5384
10.5859
10.6331
10.6801
10.7269
10.7735
10.8199
10.8662
10.9122
10.958
11.0036
11.0491
11.0943
11.1394
11.1843
11.229
11.2735
11.3179
11.362
11.406
11.4499
11.4935
11.537
11.5804
11.6236
11.6666
11.7094
11.7521
11.7947
11.8371
11.8793
11.9214
11.9633
12.0051
12.0468
12.0883
12.1297
12.1709
12.212
12.2529
12.2937
12.3344
12.3749
12.4153
12.4556
12.4957
12.5357
12.5756
12.6154
12.655
12.6945
12.7339
12.7732
12.8123
12.8514
12.8903
12.9291
12.9677
13.0063
13.0447
13.0831
13.1213
13.1594
13.1974
13.2353
13.273
13.3107
13.3483
13.3857
13.4231
13.4603
13.4975
13.5345
13.5715
13.6083
13.6451
13.6817
13.7182
13.7547
13.791
13.8273
13.8635
13.8995
13.9355
13.9714
14.0072
14.0429
14.0785
14.114
14.1494
14.1847
14.22
14.2552
14.2902
14.3252
14.3601
14.3949
14.4297
14.4643
14.4989
14.5334
14.5678
14.6021
14.6363
14.6705
14.7046
14.7386
14.7725
14.8064
14.8401
14.8738
14.9074
14.941
14.9744
15.0078
15.0412
15.0744
15.1076
15.1407
15.1737
15.2066
15.2395
15.2723
4.5817
5.5817
6.5817
7.5817
8.5817
8.63996
8.69783
8.75532
8.81243
8.86916
8.92554
8.98156
9.03723
9.09255
9.14754
9.2022
9.25654
9.31055
9.36426
9.41765
9.47074
9.52354
9.57604
9.62825
9.68018
9.73183
9.78321
9.83432
9.88516
9.93574
9.98607
10.0361
10.086
10.1355
10.1849
10.234
10.2828
10.3314
10.3798
10.428
10.476
10.5237
10.5712
10.6185
10.6656
10.7125
10.7591
10.8056
10.8519
10.898
10.9438
10.9895
11.035
11.0803
11.1255
11.1704
11.2152
11.2597
11.3041
11.3484
11.3924
11.4363
11.48
11.5236
11.567
11.6102
11.6533
11.6962
11.7389
11.7815
11.824
11.8663
11.9084
11.9504
11.9922
3.59766
4.59766
5.59766
6.59766
6.67345
6.74837
6.82247
6.89575
6.96826
7.04001
7.11104
7.18135
7.25098
7.31993
7.38824
7.45591
7.52297
7.58944
7.65532
7.72063
7.78539
7.84962
7.91331
7.9765
8.03918
8.10138
8.1631
8.22435
8.28514
8.34549
8.4054
8.46489
8.52396
8.58262
8.64087
8.69874
8.75622
8.81332
8.87005
8.92642
8.98243
9.0381
9.09342
9.1484
9.20306
9.25739
9.3114
9.3651
9.41849
9.47157
9.52436
9.57686
9.62907
9.681
9.73264
2.91979
3.91979
4.91979
5.02142
5.121
5.21863
5.31444
5.40853
5.50097
5.59187
5.68128
5.76929
5.85596
5.94134
6.0255
6.10848
6.19033
6.2711
6.35083
6.42956
6.50733
6.58416
6.6601
6.73518
6.80942
6.88284
6.95549
7.02737
7.09852
7.16896
7.23871
7.30778
7.3762
7.44398
7.51115
2.25335
3.25335
4.25335
4.3709
4.48529
4.59677
4.70554
4.8118
4.91571
5.01742
5.11708
5.21479
5.31067
1.5932
2.5932
3.5932
3.73235
3.86632
3.99564
4.12078
4.24211
4.35998
4.47466
4.5864
4.69542
4.8019
4.90603
5.00794
5.10778
5.20567
5.30172
5.39603
5.48869
5.57979
5.6694
5.75759
5.84443
5.92998
6.0143
6.09744
6.17944
6.26035
6.34022
6.41908
6.49697
6.57393
6.64999
6.72518
6.79953
6.87306
6.94581
7.01779
7.08904
7.15957
7.22941
7.29857
7.36708
7.43495
7.5022
7.56885
7.63491
7.70039
7.76533
7.82971
7.89357
7.95692
8.01976
8.0821
8.14397
8.20536
8.2663
8.32678
8.38683
8.44645
8.50564
8.56443
8.62281
8.6808
8.73839
8.79561
8.85246
8.90894
8.96506
9.02084
9.07626
9.13135
9.18611
9.24054
9.29465
9.34844
9.40193
9.45511
9.50799
9.56058
9.61288
9.66489
9.71662
9.76808
9.81927
9.87019
9.92085
9.97124
10.0214
10.0713
10.1209
10.1703
10.2195
10.2684
10.3171
10.3656
10.4138
10.4618
10.5096
10.5572
10.6046
10.6517
10.6986
10.7454
10.7919
10.8382
10.8844
10.9303
10.9761
11.0216
11.067
11.1122
11.1572
11.202
11.2466
11.2911
11.3353
11.3795
11.4234
11.4672
11.5108
11.5542
11.5975
11.6406
11.6835
11.7263
11.769
11.8115
11.8538
11.896
11.938
11.9799
12.0216
12.0632
12.1047
12.146
12.1871
12.2282
12.2691
12.3098
12.3504
12.3909
12.4313
12.4715
12.5116
12.5515
12.5914
12.6311
12.6707
12.7101
12.7495
12.7887
12.8278
12.8668
12.9056
12.9444
12.983
13.0215
13.0599
13.0982
13.1364
13.1744
13.2124
13.2502
13.2879
13.3256
13.3631
13.4005
13.4378
13.475
13.5121
13.5491
4.06474
5.06474
6.06474
7.06474
7.13552
7.20559
7.27498
7.34371
7.41179
7.47925
7.54611
7.61237
7.67805
7.74317
7.80774
7.87178
7.9353
7.99831
8.06082
8.12285
8.1844
8.2455
8.30614
8.36633
8.4261
8.48543
8.54436
8.60288
8.661
8.71873
8.77608
8.83305
8.88965
8.9459
9.00179
9.05734
9.11254
9.16741
9.22195
9.27617
9.33007
9.38366
9.43694
9.48993
9.54261
9.59501
9.64712
9.69895
9.7505
9.80178
9.85279
9.90354
9.95403
10.0043
10.0542
10.104
10.1535
10.2027
10.2517
10.3005
10.349
10.3973
10.4454
10.4933
10.5409
10.5884
10.6356
10.6826
10.7294
10.776
10.8224
10.8686
10.9146
10.9604
11.006
11.0515
11.0967
11.1418
11.1867
11.2313
11.2759
11.3202
11.3644
11.4084
11.4522
11.4959
11.5394
11.5827
11.6259
11.6689
11.7117
11.7544
11.7969
11.8393
11.8816
11.9236
11.9656
12.0074
12.049
12.0905
12.1319
12.1731
12.2141
12.2551
12.2959
12.3365
12.3771
12.4175
12.4577
12.4979
12.5379
12.5778
12.6175
12.6571
12.6966
12.736
12.7753
12.8144
12.8534
12.8923
12.9311
12.9698
13.0083
13.0468
13.0851
13.1233
13.1614
13.1994
13.2373
13.275
13.3127
13.3503
13.3877
13.4251
13.4623
13.4995
13.5365
13.5734
13.6103
13.647
13.6836
13.7202
13.7566
13.793
13.8292
13.8654
13.9014
13.9374
13.9733
14.0091
14.0448
14.0804
14.1159
14.1513
14.1866
14.2219
14.257
14.2921
14.3271
14.362
14.3968
4.31904
5.31904
6.31904
7.31904
7.38735
7.45503
7.5221
7.58857
7.65446
7.71978
7.78455
7.84878
7.91249
7.97568
8.03837
8.10057
8.16229
8.22355
8.28435
8.34471
8.40463
8.46412
8.52319
8.58185
8.64012
8.69798
8.75547
8.81258
8.86931
8.92569
8.98171
9.03737
9.0927
9.14769
9.20235
9.25668
9.3107
9.3644
9.41779
9.47088
9.52368
9.57618
9.62839
9.68032
9.73197
9.78335
9.83446
9.8853
9.93588
9.9862
10.0363
10.0861
10.1357
10.185
10.2341
10.2829
10.3316
10.38
10.4281
10.4761
10.5238
10.5713
10.6186
10.6657
10.7126
10.7593
10.8057
10.852
10.8981
10.944
10.9896
11.0351
11.0804
11.1256
11.1705
11.2153
11.2599
11.3043
11.3485
11.3926
11.4364
11.4802
11.5237
11.5671
11.6103
11.6534
11.6963
11.739
11.7816
11.8241
11.8664
11.9085
11.9505
11.9923
12.034
12.0756
12.117
12.1582
12.1994
12.2404
12.2812
12.3219
12.3625
12.4029
12.4432
12.4834
12.5235
12.5634
12.6032
12.6429
12.6824
12.7219
12.7612
12.8003
12.8394
12.8783
12.9172
12.9559
12.9945
13.0329
13.0713
13.1096
13.1477
13.1857
13.2236
13.2615
13.2992
13.3368
13.3742
13.4116
13.4489
13.4861
13.5232
13.5601
13.597
13.6338
13.6705
13.707
13.7435
13.7799
13.8162
13.8524
13.8885
13.9245
13.9604
13.9962
14.0319
14.0675
14.1031
14.1385
14.1739
14.2092
14.2444
14.2795
14.3145
14.3494
14.3843
14.419
14.4537
14.4883
14.5228
14.5572
14.5916
14.6258
14.66
14.6941
14.7282
14.7621
14.796
14.8298
14.8635
14.8971
14.9307
14.9642
14.9976
15.0309
15.0642
15.0974
15.1305
15.1636
15.1965
15.2294
15.2623
4.57868
5.57868
6.57868
7.57868
8.57868
8.63696
8.69485
8.75236
8.80949
8.86624
8.92264
8.97867
9.03436
9.08971
9.14471
9.19939
9.25374
9.30777
9.36149
9.4149
9.46801
9.52082
9.57334
9.62556
9.67751
9.72917
9.78057
9.83169
9.88254
9.93314
9.98348
10.0336
10.0834
10.133
10.1823
10.2314
10.2803
10.3289
10.3773
10.4255
10.4735
10.5212
10.5687
10.6161
10.6632
10.71
10.7567
10.8032
10.8495
10.8956
10.9415
10.9872
11.0327
11.078
11.1231
11.1681
11.2128
11.2574
11.3019
11.3461
11.3902
11.4341
11.4778
11.5214
11.5648
11.608
11.6511
11.694
11.7367
11.7793
11.8218
11.8641
11.9062
11.9482
11.9901
12.0318
12.0733
12.1147
12.156
12.1971
12.2381
12.279
12.3197
12.3603
12.4007
12.4411
12.4813
12.5213
12.5612
12.601
12.6407
12.6803
12.7197
12.759
12.7982
12.8373
12.8762
12.9151
12.9538
12.9924
13.0309
13.0692
13.1075
13.1456
13.1837
13.2216
13.2594
13.2971
13.3347
13.3722
13.4096
13.4469
13.4841
13.5212
13.5581
13.595
13.6318
13.6685
13.7051
13.7415
13.7779
13.8142
13.8504
13.8865
13.9225
13.9584
13.9942
14.03
14.0656
14.1012
14.1366
14.172
14.2073
14.2425
14.2776
14.3126
14.3475
14.3824
14.4171
14.4518
14.4864
14.5209
14.5554
14.5897
14.624
14.6582
14.6923
14.7263
14.7603
14.7941
14.8279
14.8617
14.8953
14.9289
14.9624
14.9958
15.0291
15.0624
15.0956
15.1287
15.1618
15.1947
15.2276
15.2605
15.2932
15.3259
15.3586
15.3911
15.4236
15.456
15.4884
15.5207
15.5529
15.585
15.6171
15.6491
15.6811
15.713
15.7448
15.7765
15.8082
15.8399
15.8714
15.9029
15.9344
15.9657
15.9971
16.0283
16.0595
16.0906
16.1217
16.1527
16.1837
16.2146
16.2454
16.2762
16.3069
16.3376
16.3682
16.3987
16.4292
16.4597
16.49
16.5204
16.5506
16.5808
16.611
16.6411
16.6711
16.7011
16.7311
16.7609
16.7908
16.8206
16.8503
16.88
16.9096
16.9391
16.9687
16.9981
17.0275
17.0569
17.0862
17.1155
17.1447
17.1739
17.203
17.232
17.2611
17.29
17.3189
17.3478
17.3766
17.4054
17.4341
17.4628
17.4914
17.52
17.5486
17.5771
17.6055
17.6339
17.6623
17.6906
17.7188
17.7471
17.7752
17.8034
17.8314
17.8595
17.8875
17.9154
17.9433
17.9712
17.999
18.0268
18.0545
18.0822
18.1099
18.1375
18.1651
18.1926
18.2201
18.2475
18.2749
18.3023
18.3296
18.3569
18.3841
18.4113
18.4385
18.4656
18.4927
18.5197
18.5467
18.5737
18.6006
18.6275
18.6543
18.6811
18.7079
18.7346
18.7613
18.7879
18.8145
18.8411
18.8677
18.8942
18.9206
18.947
18.9734
18.9998
19.0261
19.0524
19.0786
19.1048
19.131
19.1571
19.1832
19.2093
19.2353
19.2613
19.2873
19.3132
19.3391
19.365
19.3908
19.4166
5.82497
6.82497
7.82497
8.82497
9.82497
9.87586
9.92649
9.97686
10.027
10.0768
10.1265
10.1758
10.225
10.2739
10.3225
10.371
10.4192
10.4672
10.5149
10.5625
10.6098
10.657
10.7039
10.7506
10.7971
10.8434
10.8895
10.9354
10.9812
11.0267
11.072
11.1172
11.1622
11.207
11.2516
11.296
11.3403
11.3844
11.4283
11.472
11.5156
11.559
11.6023
11.6454
11.6883
11.7311
11.7737
11.8162
11.8585
11.9007
11.9427
11.9846
12.0263
12.0679
12.1093
12.1506
12.1917
12.2327
12.2736
12.3143
12.355
12.3954
12.4358
12.476
12.516
12.556
12.5958
12.6355
12.6751
12.7145
12.7539
12.7931
12.8321
12.8711
12.91
12.9487
12.9873
13.0258
13.0642
13.1025
13.1406
13.1787
13.2166
13.2544
13.2922
13.3298
13.3673
13.4047
4.02141
5.02141
6.02141
7.02141
7.09262
7.16311
7.23291
7.30204
7.37052
7.43836
7.50557
7.57219
7.63822
7.70368
7.76859
7.83295
7.89678
7.9601
8.02291
8.08523
8.14707
8.20845
8.26936
8.32982
8.38985
8.44944
8.50862
8.56738
8.62574
8.68371
8.74129
8.79849
8.85532
8.91178
8.96789
9.02364
9.07905
9.13412
9.18886
9.24328
9.29737
9.35115
9.40462
9.45778
9.51065
9.56322
2.86897
3.86897
4.86897
4.97166
5.07223
5.1708
5.2675
5.36242
5.45566
5.54731
5.63745
5.72614
5.81346
5.89946
5.98422
6.06777
6.15017
6.23147
6.31171
6.39093
6.46916
6.54645
6.62283
6.69833
6.77297
6.8468
6.91982
6.99208
7.06359
7.13437
7.20446
7.27386
7.3426
7.41069
7.47816
