k_i = 1 ,k_m = 1.5 ,k_n = 0.5 ,k_f= 0.3 ,p_s =  0.01 ,t = 3000
1
2.5
4
5.5
7
8.5
10
11.5
13
14.5
16
17.5
19
20.5
22
23.5
25
26.5
28
29.5
31
32.5
34
35.5
37
38.5
40
41.5
43
44.5
46
47.5
49
50.5
52
53.5
55
56.5
58
59.5
61
62.5
64
65.5
67
68.5
70
71.5
73
74.5
76
77.5
79
80.5
82
83.5
85
86.5
88
89.5
91
92.5
94
95.5
97
98.5
100
101.5
103
104.5
106
107.5
109
110.5
112
113.5
115
116.5
118
119.5
121
122.5
124
125.5
127
128.5
130
131.5
133
134.5
136
137.5
139
140.5
142
143.5
145
146.5
148
149.5
151
152.5
154
155.5
157
158.5
160
161.5
163
164.5
166
167.5
169
170.5
172
173.5
175
176.5
178
179.5
181
182.5
184
185.5
187
188.5
190
191.5
193
194.5
196
197.5
199
200.5
202
203.5
205
206.5
208
209.5
211
212.5
214
215.5
217
218.5
220
221.5
223
224.5
226
227.5
229
230.5
232
233.5
235
236.5
238
239.5
241
242.5
244
245.5
247
248.5
250
251.5
253
254.5
256
257.5
259
260.5
262
263.5
265
266.5
268
269.5
271
272.5
274
275.5
277
278.5
280
281.5
283
284.5
286
287.5
289
290.5
292
293.5
295
296.5
298
299.5
301
302.5
304
305.5
307
308.5
310
311.5
313
314.5
316
317.5
319
320.5
322
323.5
325
326.5
328
329.5
331
332.5
334
335.5
337
338.5
340
341.5
343
344.5
346
347.5
349
350.5
352
353.5
355
356.5
358
359.5
361
362.5
364
365.5
367
368.5
370
371.5
373
374.5
376
377.5
379
380.5
382
383.5
385
386.5
388
389.5
391
392.5
394
395.5
397
398.5
400
401.5
403
404.5
406
407.5
409
410.5
412
413.5
415
416.5
418
419.5
421
422.5
424
425.5
427
428.5
430
431.5
433
434.5
436
437.5
439
440.5
442
443.5
445
446.5
448
449.5
134.85
136.35
137.85
139.35
140.85
142.35
143.85
145.35
146.85
148.35
149.85
151.35
152.85
154.35
155.85
157.35
158.85
160.35
161.85
163.35
164.85
166.35
167.85
169.35
170.85
172.35
173.85
175.35
176.85
178.35
179.85
181.35
182.85
184.35
185.85
187.35
188.85
190.35
191.85
193.35
194.85
196.35
197.85
199.35
200.85
202.35
203.85
205.35
206.85
208.35
209.85
211.35
212.85
214.35
215.85
217.35
218.85
220.35
221.85
223.35
224.85
224.852
224.854
224.857
224.859
224.861
224.863
224.866
224.868
224.87
224.872
224.874
224.877
224.879
224.881
224.883
224.886
224.888
224.89
224.892
224.894
224.897
224.899
224.901
224.903
224.906
224.908
224.91
224.912
224.914
224.917
224.919
224.921
224.923
224.926
224.928
224.93
224.932
224.934
224.937
224.939
224.941
224.943
224.946
224.948
224.95
224.952
224.954
224.957
224.959
224.961
224.963
224.966
67.4897
68.9897
70.4897
71.9897
73.4897
74.9897
76.4897
77.9897
79.4897
80.9897
82.4897
83.9897
85.4897
86.9897
88.4897
89.9897
91.4897
92.9897
94.4897
95.9897
97.4897
98.9897
100.49
101.99
103.49
104.99
106.49
107.99
109.49
110.99
112.49
112.494
112.499
112.503
112.507
112.512
112.516
112.521
112.525
112.53
112.534
112.539
112.543
112.547
112.552
112.556
112.561
112.565
112.57
112.574
112.579
112.583
112.587
112.592
112.596
112.601
112.605
112.61
112.614
112.619
112.623
112.627
112.632
112.636
112.641
112.645
112.65
112.654
112.658
112.663
112.667
112.672
112.676
112.681
112.685
112.69
112.694
112.698
112.703
112.707
112.712
112.716
112.721
112.725
112.729
112.734
112.738
112.743
112.747
112.752
112.756
112.76
112.765
112.769
112.774
112.778
112.783
112.787
112.792
112.796
112.8
112.805
112.809
112.814
112.818
112.823
112.827
112.831
112.836
112.84
112.845
112.849
112.854
112.858
112.862
112.867
33.8601
35.3601
36.8601
38.3601
39.8601
41.3601
42.8601
44.3601
45.8601
47.3601
48.8601
50.3601
51.8601
53.3601
54.8601
56.3601
57.8601
57.8687
57.8773
57.886
57.8946
57.9033
57.9119
57.9205
57.9292
57.9378
57.9464
57.955
57.9637
57.9723
57.9809
57.9895
57.9982
58.0068
58.0154
58.024
58.0326
58.0413
58.0499
58.0585
58.0671
58.0757
58.0843
58.0929
58.1015
58.1101
58.1187
58.1274
58.136
58.1446
58.1532
58.1618
58.1703
58.1789
58.1875
58.1961
58.2047
58.2133
58.2219
58.2305
58.2391
58.2477
58.2562
58.2648
58.2734
58.282
58.2906
58.2991
58.3077
58.3163
58.3249
58.3334
58.342
58.3506
58.3592
58.3677
58.3763
58.3849
58.3934
58.402
58.4105
58.4191
58.4277
58.4362
58.4448
58.4533
58.4619
58.4704
58.479
58.4875
58.4961
58.5046
58.5132
58.5217
58.5303
58.5388
58.5474
58.5559
58.5644
58.573
58.5815
58.59
58.5986
58.6071
58.6156
58.6242
58.6327
58.6412
58.6498
58.6583
58.6668
58.6753
58.6838
58.6924
58.7009
58.7094
58.7179
58.7264
58.7349
58.7435
58.752
58.7605
58.769
58.7775
58.786
58.7945
58.803
58.8115
58.82
58.8285
58.837
58.8455
58.854
58.8625
58.871
58.8795
58.888
58.8965
17.6689
19.1689
20.6689
22.1689
23.6689
25.1689
26.6689
28.1689
29.6689
29.6858
29.7026
29.7195
29.7363
29.7531
29.7699
29.7867
29.8035
29.8203
29.837
29.8538
29.8705
29.8873
29.904
29.9207
29.9374
29.9541
29.9708
29.9875
30.0042
30.0209
30.0375
30.0542
30.0708
30.0874
30.104
30.1207
30.1373
30.1538
30.1704
30.187
30.2036
30.2201
30.2367
30.2532
30.2697
30.2862
30.3028
30.3193
30.3357
30.3522
30.3687
30.3852
30.4016
30.4181
30.4345
30.4509
30.4674
30.4838
30.5002
30.5166
30.5329
30.5493
30.5657
30.582
30.5984
30.6147
30.6311
30.6474
30.6637
30.68
30.6963
30.7126
30.7289
30.7451
30.7614
30.7777
9.2333
10.7333
12.2333
13.7333
15.2333
16.7333
16.7632
16.793
16.8228
16.8525
16.8822
16.9118
16.9414
16.9709
17.0003
17.0297
17.0591
17.0884
17.1177
17.1469
17.176
17.2052
17.2342
17.2632
17.2922
17.3211
17.35
17.3788
17.4076
17.4363
17.465
17.4936
17.5222
17.5507
17.5792
17.6076
17.636
17.6644
17.6927
17.7209
17.7492
17.7773
17.8055
17.8335
17.8616
17.8896
17.9175
17.9454
17.9733
18.0011
18.0289
18.0566
18.0843
18.112
18.1396
18.1671
18.1946
18.2221
18.2496
18.277
18.3043
18.3316
18.3589
18.3861
18.4133
18.4405
18.4676
18.4947
18.5217
18.5487
18.5757
18.6026
18.6295
18.6563
18.6831
18.7099
18.7366
18.7633
18.7899
18.8165
18.8431
18.8696
18.8961
18.9226
18.949
18.9754
19.0018
19.0281
19.0544
19.0806
19.1068
19.133
19.1591
19.1852
19.2113
19.2373
19.2633
19.2892
19.3152
19.341
19.3669
19.3927
19.4185
19.4442
19.47
19.4956
19.5213
19.5469
19.5725
19.598
19.6235
19.649
19.6745
19.6999
19.7253
19.7506
19.7759
19.8012
19.8265
19.8517
19.8769
19.902
19.9271
19.9522
19.9773
20.0023
20.0273
20.0523
20.0772
20.1021
20.127
20.1518
20.1766
20.2014
20.2262
20.2509
20.2756
20.3002
20.3249
20.3495
20.374
20.3986
20.4231
20.4476
20.472
20.4965
20.5209
20.5452
20.5696
20.5939
20.6181
20.6424
20.6666
20.6908
20.715
20.7391
20.7632
20.7873
20.8114
20.8354
20.8594
20.8833
20.9073
20.9312
20.9551
20.979
6.29369
7.79369
9.29369
10.7937
10.84
10.8861
10.9321
10.9778
11.0233
11.0687
11.1139
11.1589
11.2037
11.2483
11.2928
11.337
11.3811
11.4251
11.4688
11.5124
11.5559
11.5991
11.6422
11.6852
11.728
11.7706
11.8131
11.8554
11.8976
11.9396
11.9815
12.0232
12.0648
12.1062
12.1475
12.1887
12.2297
12.2706
12.3114
12.352
12.3925
12.4328
12.473
12.5131
12.5531
12.5929
12.6326
12.6722
12.7116
12.751
12.7902
12.8293
12.8682
12.9071
12.9458
12.9845
13.023
13.0614
13.0996
13.1378
13.1759
13.2138
13.2517
13.2894
13.327
13.3645
13.4019
13.4393
13.4765
13.5136
13.5506
13.5875
13.6243
13.661
13.6976
13.7341
13.7705
13.8068
13.843
13.8791
13.9151
13.9511
13.9869
14.0227
14.0583
14.0939
14.1293
14.1647
14.2
14.2352
14.2704
14.3054
14.3404
14.3752
14.41
14.4447
14.4793
14.5139
14.5483
14.5827
14.617
14.6512
14.6853
14.7193
14.7533
14.7872
14.821
14.8547
14.8884
14.922
14.9555
4.48665
5.98665
7.48665
7.55344
7.61963
7.68525
7.75031
7.81482
7.8788
7.94227
8.00522
8.06768
8.12966
8.19116
8.2522
8.31279
8.37294
8.43265
8.49195
8.55083
8.6093
8.66738
8.72507
8.78237
8.8393
8.89587
8.95207
9.00793
9.06343
9.1186
9.17343
9.22794
9.28212
9.33599
9.38955
9.4428
9.49575
9.5484
9.60077
9.65285
9.70464
9.75617
9.80742
9.8584
9.90912
9.95957
10.0098
10.0597
10.1094
10.1589
10.2081
10.2571
10.3058
10.3544
10.4026
10.4507
10.4985
10.5462
10.5936
10.6408
10.6878
10.7346
10.7811
10.8275
10.8737
10.9197
10.9655
11.0111
11.0565
11.1017
11.1467
11.1916
11.2363
11.2808
11.3251
11.3692
11.4132
11.457
11.5007
11.5441
11.5874
11.6306
11.6736
11.7164
11.7591
11.8016
11.844
11.8862
11.9283
11.9702
12.012
12.0536
12.0951
12.1364
12.1776
12.2187
12.2596
12.3004
12.341
12.3815
12.4219
12.4622
12.5023
12.5423
12.5821
12.6219
12.6615
12.701
12.7403
12.7796
12.8187
12.8577
12.8966
12.9354
12.974
13.0126
13.051
13.0893
13.1275
13.1656
13.2036
13.2414
13.2792
13.3169
13.3544
13.3918
13.4292
13.4664
13.5035
13.5406
13.5775
13.6143
13.651
13.6877
13.7242
4.11726
5.61726
7.11726
7.18751
7.25708
7.32598
7.39423
7.46185
7.52885
7.59527
7.6611
7.72636
7.79107
7.85525
7.9189
7.98204
8.04468
8.10684
8.16851
8.22972
8.29048
8.35079
8.41066
8.47011
8.52914
8.58776
8.64599
8.70382
2.61115
4.11115
5.61115
5.70025
5.78797
5.87435
5.95947
6.04337
6.12611
6.20772
6.28827
6.36778
6.4463
6.52387
6.60051
6.67626
6.75115
6.82521
6.89847
6.97095
7.04268
7.11367
7.18396
7.25356
7.32249
7.39077
7.45843
7.52546
7.59191
7.65776
7.72306
7.7878
7.852
7.91568
7.97885
8.04151
8.10369
8.16539
8.22662
8.2874
8.34773
8.40763
8.4671
8.52615
8.5848
8.64304
8.70089
8.75835
8.81544
8.87216
8.92852
8.98452
9.04017
9.09548
9.15045
9.20509
9.25941
9.31341
9.36709
9.42047
9.47355
9.52633
9.57881
9.63101
9.68293
9.73456
9.78593
9.83702
9.88785
9.93842
9.98873
10.0388
10.0886
10.1382
10.1875
10.2365
10.2854
10.334
10.3824
10.4305
10.4785
10.5262
10.5737
10.621
10.6681
10.7149
10.7616
10.8081
10.8543
10.9004
10.9463
10.9919
11.0374
11.0827
11.1278
11.1728
11.2175
11.2621
11.3065
11.3507
11.3948
11.4386
11.4824
11.5259
11.5693
11.6125
11.6556
11.6985
11.7412
11.7838
11.8262
11.8685
11.9106
11.9526
11.9944
12.0361
12.0777
12.1191
12.1603
12.2014
12.2424
12.2833
12.324
12.3645
12.405
12.4453
12.4854
12.5255
12.5654
12.6052
12.6449
12.6844
3.80532
5.30532
6.80532
2.0416
3.5416
3.68278
3.81854
3.94948
4.07608
4.19875
4.31783
4.43363
4.54641
4.65638
4.76376
4.86872
4.97142
5.07199
5.17057
5.26727
5.3622
5.45545
5.5471
5.63723
5.72593
5.81325
5.89926
5.98402
6.06757
6.14998
6.23128
6.31152
6.39074
1.91722
3.41722
3.56354
3.70385
3.83884
3.96909
4.09507
4.21716
4.33573
4.45105
4.56338
4.67295
4.77995
4.88455
4.98691
5.08718
5.18546
5.28189
5.37655
5.46955
5.56096
5.65087
5.73936
5.82647
5.91229
5.99686
6.08024
6.16247
6.24361
6.32369
6.40276
6.48085
6.558
6.63424
6.70961
6.78413
6.85783
6.93074
7.00288
7.07428
7.14496
7.21494
7.28424
7.35288
7.42088
7.48826
7.55503
7.62121
7.68682
7.75186
7.81636
7.88033
7.94378
8.00672
8.06917
8.13113
8.19263
8.25366
8.31424
8.37437
8.43408
8.49336
8.55223
8.6107
8.66876
8.72644
8.78374
8.84066
8.89722
8.95342
9.00926
9.06476
9.11992
9.17474
9.22924
9.28342
9.33728
9.39083
2.81725
4.31725
5.81725
5.9032
5.9879
6.0714
6.15375
6.23501
6.3152
6.39437
6.47257
6.54981
6.62615
6.70161
6.77622
2.03287
3.53287
3.67439
3.81047
3.94169
4.06854
4.19143
4.31072
4.42671
4.53966
4.6498
4.75734
4.86244
4.96527
5.06596
5.16466
5.26147
5.3565
5.44985
5.54159
5.63182
5.7206
5.80801
5.89409
5.97892
6.06255
6.14503
6.22639
6.3067
6.38598
6.46427
6.54162
6.61805
6.69361
6.7683
6.84218
6.91525
6.98756
7.05911
7.12994
7.20007
7.26951
7.33829
7.40643
7.47394
7.54084
7.60714
7.67287
7.73804
7.80265
7.86673
7.93029
7.99334
8.05589
8.11796
8.17955
8.24068
8.30135
8.36159
8.42138
8.48076
8.53971
8.59826
8.65641
8.71417
8.77155
8.82855
8.88519
8.94146
8.99738
9.05295
9.10818
9.16308
9.21765
9.27189
9.32582
9.37943
9.43274
9.48575
9.53846
9.59088
9.64301
9.69486
9.74643
9.79773
9.84877
9.89953
9.95004
10.0003
10.0503
10.1
10.1495
10.1988
10.2478
10.2966
10.3452
10.3935
10.4416
10.4895
10.5372
10.5846
10.6319
10.6789
10.7257
10.7723
10.8187
10.865
10.911
10.9568
11.0024
11.0479
11.0931
11.1382
11.1831
11.2278
11.2723
11.3167
11.3609
11.4049
11.4487
11.4924
11.5359
11.5793
11.6224
11.6655
11.7083
11.751
11.7936
11.836
11.8782
11.9203
11.9623
12.0041
12.0457
12.0872
12.1286
12.1698
12.2109
12.2518
12.2927
12.3333
12.3739
12.4143
12.4546
12.4947
12.5347
12.5746
12.6144
12.654
12.6935
12.7329
12.7722
12.8113
12.8503
12.8893
12.9281
12.9667
13.0053
13.0437
13.0821
13.1203
13.1584
13.1964
13.2343
13.2721
13.3097
13.3473
13.3848
13.4221
13.4594
13.4965
13.5336
13.5705
13.6074
13.6441
13.6807
13.7173
13.7537
13.7901
13.8264
13.8625
13.8986
13.9346
13.9704
14.0062
14.0419
14.0775
14.1131
14.1485
14.1838
14.2191
14.2542
14.2893
14.3243
14.3592
14.394
14.4288
14.4634
14.498
14.5325
14.5669
14.6012
14.6355
14.6696
14.7037
14.7377
14.7716
14.8055
14.8393
14.873
14.9066
14.9401
14.9736
15.007
15.0403
15.0735
15.1067
15.1398
15.1728
15.2058
15.2387
15.2715
15.3042
4.59126
6.09126
7.59126
9.09126
9.14626
9.20093
9.25527
9.30929
9.363
9.41641
9.46951
9.52231
9.57481
9.62703
9.67897
9.73063
9.78201
9.83313
9.88398
9.93456
9.98489
10.035
10.0848
10.1344
10.1837
10.2328
10.2817
10.3303
10.3787
10.4269
10.4748
10.5226
10.5701
10.6174
10.6645
10.7114
10.758
10.8045
10.8508
10.8969
10.9428
10.9885
11.034
11.0793
11.1244
11.1693
11.2141
11.2587
11.3031
11.3473
11.3914
11.4353
11.479
11.5226
11.566
11.6092
11.6523
11.6952
11.7379
11.7805
11.823
11.8653
11.9074
11.9494
11.9912
12.0329
12.0745
12.1159
12.1572
12.1983
12.2393
12.2801
12.3209
12.3614
12.4019
12.4422
12.4824
12.5224
12.5624
12.6022
12.6418
12.6814
12.7208
12.7601
12.7993
12.8384
12.8773
12.9162
12.9549
12.9935
13.0319
13.0703
13.1086
13.1467
13.1847
13.2227
13.2605
13.2982
13.3358
13.3733
13.4107
13.4479
13.4851
13.5222
13.5592
13.5961
13.6328
13.6695
13.7061
13.7426
13.7789
13.8152
13.8514
13.8875
13.9235
13.9594
13.9953
14.031
14.0666
14.1022
14.1376
14.173
14.2083
14.2435
14.2786
14.3136
14.3485
14.3834
14.4181
14.4528
14.4874
14.5219
14.5563
14.5907
14.625
14.6591
14.6932
14.7273
14.7612
14.7951
14.8289
14.8626
14.8963
14.9298
14.9633
14.9967
15.0301
15.0633
15.0965
15.1296
15.1627
15.1957
15.2286
15.2614
15.2942
15.3269
15.3595
15.392
15.4245
15.4569
15.4893
15.5216
15.5538
15.5859
4.67578
6.17578
7.67578
9.17578
9.23027
9.28444
9.33829
9.39184
9.44507
9.49801
9.55065
9.60301
9.65507
9.70686
9.75837
9.80961
9.86058
9.91128
9.96173
10.0119
10.0619
10.1116
10.161
10.2102
10.2592
10.3079
10.3564
10.4047
10.4528
10.5006
10.5482
10.5956
10.6428
10.6898
10.7366
10.7831
10.8295
10.8757
10.9216
10.9674
11.013
11.0584
11.1036
11.1487
11.1935
11.2382
11.2827
11.327
11.3711
11.4151
11.4589
11.5025
11.546
11.5893
11.6324
11.6754
11.7183
11.7609
11.8034
11.8458
11.888
11.9301
11.972
12.0137
12.0554
12.0968
12.1382
12.1794
12.2204
12.2613
12.3021
12.3428
12.3833
12.4236
12.4639
3.73916
5.23916
6.73916
6.81336
6.88674
6.95935
7.03119
7.1023
7.1727
7.24241
7.31145
7.37984
7.44759
7.51472
7.58126
7.64721
7.7126
7.77742
7.84171
7.90547
7.96872
8.03147
8.09372
8.1555
8.21681
8.27766
8.33806
8.39803
8.45757
8.51668
8.57539
8.6337
8.69161
8.74914
8.80629
8.86306
8.91948
8.97554
9.03124
9.08661
9.14163
9.19633
9.2507
9.30475
9.35848
9.41191
9.46503
9.51786
9.57039
9.62264
9.6746
9.72628
9.77769
9.82882
9.87969
2.96391
4.46391
5.96391
6.04775
6.13042
6.21198
6.29247
6.37193
6.4504
6.52792
6.60451
6.68022
6.75506
6.82908
6.9023
6.97474
7.04642
7.11738
7.18763
7.2572
7.32609
7.39434
7.46196
7.52897
7.59538
7.66121
7.72647
7.79119
7.85536
7.91901
7.98215
8.04479
8.10694
8.16862
8.22983
2.46895
3.96895
5.46895
5.56037
5.6503
5.73879
5.82591
5.91174
5.99631
6.0797
6.16194
6.24308
6.32317
1.89695
3.39695
3.54414
3.68522
3.8209
3.95176
4.07828
4.20088
4.31991
4.43565
4.54837
4.6583
4.76564
4.87055
4.97321
5.07375
5.1723
5.26897
5.36386
5.45708
5.5487
5.63881
5.72748
5.81478
5.90077
5.98551
6.06904
6.15143
6.23271
6.31293
6.39213
6.47035
6.54763
6.62399
6.69948
6.77411
6.84792
6.92093
6.99318
7.06468
7.13545
7.20552
7.27491
7.34364
7.41173
7.47919
7.54604
7.6123
7.67799
7.74311
7.80768
7.87172
7.93524
7.99825
8.06076
8.12279
8.18435
8.24544
8.30608
8.36628
8.42604
8.48538
8.5443
8.60282
8.66094
8.71867
8.77602
8.83299
8.8896
8.94585
9.00174
9.05728
9.11249
9.16736
9.2219
9.27612
9.33002
9.38361
9.43689
9.48988
9.54257
9.59496
9.64707
9.6989
9.75045
9.80173
9.85275
9.90349
9.95398
10.0042
10.0542
10.1039
10.1534
10.2027
10.2517
10.3004
10.349
10.3973
10.4454
10.4932
10.5409
10.5883
10.6355
10.6826
10.7294
10.776
10.8224
10.8686
10.9146
10.9604
11.006
11.0514
11.0967
11.1417
11.1866
11.2313
11.2758
11.3202
11.3643
11.4083
11.4522
11.4958
11.5393
11.5826
11.6258
11.6688
11.7117
11.7544
11.7969
11.8393
11.8815
11.9236
11.9655
12.0073
12.049
12.0905
12.1318
12.173
12.2141
12.255
12.2958
12.3365
12.377
12.4174
12.4577
12.4978
12.5378
12.5777
12.6175
12.6571
12.6966
12.736
12.7752
12.8144
12.8534
12.8923
12.9311
12.9697
13.0083
13.0467
13.0851
13.1233
13.1614
13.1994
13.2372
13.275
13.3127
13.3502
13.3877
13.425
13.4623
13.4994
13.5365
4.06094
5.56094
7.06094
7.13175
7.20186
7.27129
7.34005
7.40817
7.47566
7.54255
7.60884
7.67455
7.7397
7.8043
7.86837
7.93191
7.99495
8.05749
8.11954
8.18112
8.24224
8.3029
8.36312
8.42291
8.48227
8.54122
8.59976
8.6579
8.71565
8.77302
8.83001
8.88664
8.9429
8.99881
9.05437
9.10959
9.16448
9.21904
9.27328
9.32719
9.3808
9.4341
9.4871
9.5398
9.59222
9.64434
9.69619
9.74775
9.79905
9.85007
9.90083
9.95133
10.0016
10.0516
10.1013
10.1508
10.2001
10.2491
10.2979
10.3464
10.3948
10.4429
10.4907
10.5384
10.5858
10.6331
10.6801
10.7269
10.7735
10.8199
10.8661
10.9122
10.958
11.0036
11.049
11.0943
11.1394
11.1843
11.229
11.2735
11.3178
11.362
11.406
11.4499
11.4935
11.537
11.5804
11.6235
11.6666
11.7094
11.7521
11.7947
11.8371
11.8793
11.9214
11.9633
12.0051
12.0468
12.0883
12.1296
12.1709
12.2119
12.2529
12.2937
12.3344
12.3749
12.4153
12.4556
12.4957
12.5357
12.5756
12.6154
12.655
12.6945
12.7339
12.7732
12.8123
12.8513
12.8903
12.929
12.9677
13.0063
13.0447
13.083
13.1213
13.1594
13.1974
13.2353
13.273
13.3107
13.3483
13.3857
13.4231
13.4603
13.4975
13.5345
13.5715
13.6083
13.645
13.6817
13.7182
13.7547
13.791
13.8273
13.8634
13.8995
13.9355
13.9714
14.0072
14.0428
14.0785
14.114
14.1494
14.1847
14.22
14.2551
14.2902
14.3252
14.3601
14.3949
14.4297
4.3289
5.8289
7.3289
7.39712
7.46472
7.5317
7.59808
7.66389
7.72913
7.79382
7.85797
7.9216
7.98472
8.04734
8.10947
8.17113
8.23232
8.29306
8.35335
8.41321
8.47264
8.53165
8.59025
8.64846
8.70627
8.7637
8.82076
8.87744
8.93376
8.98973
9.04535
9.10063
9.15557
9.21018
9.26447
9.31844
9.3721
9.42544
9.47849
9.53124
9.5837
9.63587
9.68776
9.73938
9.79071
9.84178
9.89259
9.94313
9.99342
10.0434
10.0932
10.1428
10.1921
10.2411
10.2899
10.3385
10.3869
10.435
10.483
10.5307
10.5781
10.6254
10.6725
10.7193
10.7659
10.8124
10.8586
10.9047
10.9505
10.9962
11.0417
11.0869
11.132
11.177
11.2217
11.2663
11.3106
11.3548
11.3989
11.4427
11.4864
11.53
11.5733
11.6165
11.6596
11.7025
11.7452
11.7878
11.8302
11.8724
11.9145
11.9565
11.9983
12.04
12.0815
12.1229
12.1642
12.2053
12.2462
12.2871
12.3278
12.3683
12.4087
12.449
12.4892
12.5292
12.5691
12.6089
12.6486
12.6881
12.7275
12.7668
12.806
12.845
12.8839
12.9227
12.9614
13
13.0385
13.0768
13.115
13.1532
13.1912
13.2291
13.2669
13.3046
13.3422
13.3796
13.417
13.4543
13.4914
13.5285
13.5655
13.6023
13.6391
13.6757
13.7123
13.7488
13.7851
13.8214
13.8576
13.8936
13.9296
13.9655
14.0013
14.037
14.0727
14.1082
14.1436
14.179
14.2142
14.2494
14.2845
14.3195
14.3544
14.3893
14.424
14.4587
14.4933
14.5278
14.5622
14.5965
14.6308
14.6649
14.699
14.7331
14.767
14.8008
14.8346
14.8683
14.902
14.9355
14.969
15.0024
15.0357
15.069
15.1022
15.1353
15.1683
15.2013
15.2342
15.267
15.2997
4.58992
6.08992
7.58992
9.08992
9.14492
9.1996
9.25395
9.30798
9.3617
9.41511
9.46821
9.52102
9.57354
9.62576
9.67771
9.72937
9.78076
9.83188
9.88274
9.93333
9.98367
10.0338
10.0836
10.1332
10.1825
10.2316
10.2805
10.3291
10.3775
10.4257
10.4737
10.5214
10.5689
10.6162
10.6633
10.7102
10.7569
10.8034
10.8497
10.8958
10.9416
10.9873
11.0328
11.0782
11.1233
11.1683
11.213
11.2576
11.302
11.3463
11.3903
11.4342
11.478
11.5215
11.5649
11.6082
11.6512
11.6941
11.7369
11.7795
11.8219
11.8642
11.9064
11.9484
11.9902
12.0319
12.0735
12.1149
12.1562
12.1973
12.2383
12.2791
12.3199
12.3604
12.4009
12.4412
12.4814
12.5215
12.5614
12.6012
12.6409
12.6804
12.7199
12.7592
12.7984
12.8374
12.8764
12.9152
12.9539
12.9925
13.031
13.0694
13.1076
13.1458
13.1838
13.2217
13.2596
13.2973
13.3349
13.3724
13.4098
13.447
13.4842
13.5213
13.5583
13.5952
13.6319
13.6686
13.7052
13.7417
13.7781
13.8144
13.8505
13.8866
13.9227
13.9586
13.9944
14.0301
14.0658
14.1013
14.1368
14.1721
14.2074
14.2426
14.2777
14.3127
14.3477
14.3825
14.4173
14.452
14.4865
14.5211
14.5555
14.5898
14.6241
14.6583
14.6924
14.7264
14.7604
14.7943
14.8281
14.8618
14.8954
14.929
14.9625
14.9959
15.0293
15.0625
15.0957
15.1288
15.1619
15.1949
15.2278
15.2606
15.2934
15.3261
15.3587
15.3912
15.4237
15.4561
15.4885
15.5208
15.553
15.5851
15.6172
15.6492
15.6812
15.7131
15.7449
15.7767
15.8083
15.84
15.8715
15.903
15.9345
15.9659
15.9972
16.0284
16.0596
16.0908
16.1218
16.1529
16.1838
16.2147
16.2455
16.2763
16.307
16.3377
16.3683
16.3988
16.4293
16.4598
16.4901
16.5205
16.5507
16.5809
16.6111
16.6412
16.6712
16.7012
16.7312
16.7611
16.7909
16.8207
16.8504
16.8801
16.9097
16.9393
16.9688
16.9982
17.0277
17.057
17.0863
17.1156
17.1448
17.174
17.2031
17.2321
17.2612
17.2901
17.319
17.3479
17.3767
17.4055
17.4342
17.4629
17.4916
17.5201
17.5487
17.5772
17.6056
17.634
17.6624
17.6907
17.7189
17.7472
17.7753
17.8035
17.8315
17.8596
17.8876
17.9155
17.9434
17.9713
17.9991
18.0269
18.0546
18.0823
18.11
18.1376
18.1652
18.1927
18.2202
18.2476
18.275
18.3024
18.3297
18.357
18.3842
18.4114
18.4386
18.4657
18.4928
18.5198
18.5468
18.5738
18.6007
18.6276
18.6544
18.6812
18.708
18.7347
18.7614
18.788
18.8146
18.8412
18.8678
18.8943
18.9207
18.9471
18.9735
18.9999
19.0262
19.0525
19.0787
19.1049
19.1311
19.1572
19.1833
19.2094
19.2354
19.2614
19.2874
19.3133
19.3392
19.3651
19.3909
19.4167
19.4424
19.4681
19.4938
19.5195
19.5451
19.5707
19.5962
19.6217
19.6472
19.6727
5.9018
7.4018
8.9018
10.4018
10.4499
10.4977
10.5453
10.5928
10.64
10.687
10.7337
10.7803
10.8267
10.8729
10.9189
10.9647
11.0103
11.0557
11.1009
11.1459
11.1908
11.2355
11.28
11.3243
11.3685
11.4124
11.4563
11.4999
11.5434
11.5867
11.6298
11.6728
11.7157
11.7583
11.8009
11.8432
11.8855
11.9275
11.9694
12.0112
12.0528
12.0943
12.1357
12.1769
12.2179
12.2589
12.2996
12.3403
12.3808
12.4212
12.4615
12.5016
12.5416
12.5814
12.6212
12.6608
12.7003
12.7397
12.7789
12.818
12.857
12.8959
12.9347
12.9734
13.0119
13.0503
13.0886
13.1268
13.1649
13.2029
13.2408
13.2785
13.3162
13.3537
13.3912
13.4285
13.4658
13.5029
13.5399
13.5768
13.6137
13.6504
13.687
13.7236
13.76
13.7963
13.8326
13.8687
4.16062
5.66062
7.16062
7.23044
7.29959
7.36809
7.43595
7.50319
7.56983
7.63588
7.70136
7.76629
7.83067
7.89452
7.95785
8.02069
8.08302
8.14488
8.20627
8.2672
8.32768
8.38772
8.44733
8.50652
8.5653
8.62367
8.68165
8.73925
8.79646
8.8533
8.90978
8.9659
9.02166
9.07708
9.13217
9.18692
9.24135
9.29545
9.34924
9.40272
9.4559
9.50877
9.56136
9.61365
9.66566
9.71739
2.91522
4.41522
5.91522
5.99974
6.08308
6.16528
6.24638
6.32642
6.40546
6.48351
6.56063
6.63685
6.71218
6.78667
6.86035
6.93323
7.00535
7.07672
7.14737
7.21733
7.28661
7.35523
7.42321
7.49056
7.55731
7.62347
7.68906
7.75409
7.81857
7.88252
7.94595
8.00888
8.07131
8.13326
8.19473
